#usda 1.0
(
    defaultPrim = "Animated_Woman_AssetRoot"
    endTimeCode = 106
    framesPerSecond = 24
    metersPerUnit = 0.01
    startTimeCode = 0
    timeCodesPerSecond = 24
    upAxis = "Y"
)

def SkelRoot "Animated_Woman_AssetRoot" (
    kind = "assembly"
)
{
    def Xform "Armature"
    {
        float3 xformOp:rotateXYZ.timeSamples = {
            0: (-90.00001, 0, 0),
        }
        float3 xformOp:scale.timeSamples = {
            0: (1, 1, 1),
        }
        double3 xformOp:translate.timeSamples = {
            0: (0, 0, 0),
        }
        uniform token[] xformOpOrder = ["xformOp:translate", "xformOp:rotateXYZ", "xformOp:scale"]

        def Xform "ArmatureShape"
        {
        }

        def Skeleton "Hips" (
            prepend apiSchemas = ["SkelBindingAPI"]
            customData = {
                dictionary Maya = {
                    bool generated = 1
                }
            }
        )
        {
            uniform matrix4d[] bindTransforms = [( (4.371139999999929e-8, 5.210792282599915e-15, -0.9999999999999981, 0), (-1.1920899999767753e-7, 0.9999999999999858, -5.2108924813998314e-15, 0), (0.9999999999999838, 1.1920899999999807e-7, 4.371139999999929e-8, 0), (-9.145275858700018, 284.1609179098008, -0.3623503997528112, 1) ), ( (7.870031215563148e-10, -1.289748271219305e-11, -0.9999999999999999, 0), (0.016385891550208483, 0.9998654843945565, 1.289921923615378e-11, 0), (0.9998654843945564, -0.016385891550208486, 7.871091073027598e-10, 0), (-8.683586220028268, 312.32806133566174, -0.36233500683584946, 1) ), ( (1.0727737524013887e-7, 4.3853777530901e-15, -0.9999999999999885, 0), (0.01638579160395886, 0.9998654876712837, 1.7578349513838742e-9, 0), (0.9998654876712723, -0.01638579160395905, 1.0726356978640243e-7, 0), (-8.145034546601968, 345.18997236400736, -0.36233487378301615, 1) ), ( (1.0172063050327367e-7, -3.73573809819308e-15, -0.9999999999999897, 1.5407439555097887e-33), (0.016385691657708465, 0.9998654909479913, 1.6667525554181495e-9, -4.336808689942018e-19), (0.9998654909479808, -0.016385691657708635, 1.0170631773922869e-7, 6.776263578034403e-21), (-7.529552039663534, 382.7463509924932, -0.3623357659060335, 0.9999999999999999) ), ( (6.379594306099813e-8, -2.1251003257716453e-15, -0.9999999999999959, 0), (0.17074602633911057, 0.98531515199373, 1.0892913496337794e-8, 0), (0.985315151993726, -0.17074602633911123, 6.285916543657673e-8, 0), (-6.837406161601879, 424.99759950514857, -0.36232043619916343, 1) ), ( (2.4277819678210753e-7, -6.07700093719609e-15, -0.999999999999941, 0), (0.17074602633910116, 0.9853151519937299, 4.145337878264533e-8, 0), (0.9853151519936718, -0.17074602633911126, 2.3921284197074176e-7, 0), (-2.062328031281406, 452.5522774717207, -0.3623195006878748, 1) ), ( (4.371529999999954e-8, 4.071306434189957e-15, -0.9999999999999981, 0), (-9.313230000043693e-8, 0.9999999999999913, -4.071287577900318e-15, 0), (0.9999999999999895, 9.313229999999901e-8, 4.371529999999954e-8, 0), (10.750318982693996, 526.4891370012019, -0.36230453004658053, 1) ), ( (1, 0, 0, 0), (0, 1, 0, 0), (0, 0, 1, 0), (0, 0, 0, 1) ), ( (-0.9998299802052852, 0.01643872073239509, -0.008292153415478405, -6.776263578034403e-21), (0.0036574885821727843, -0.2640656884469849, -0.9644974408689484, 1.0842021724855044e-19), (-0.018044748073126525, -0.9643641139154313, 0.26396091624867, 4.336808689942018e-19), (-6.775743786056372, 420.4904535227931, -16.461078454628726, 0.9999999999999999) ), ( (-0.994165588224983, 0.0453813367369479, 0.09784632910499666, -1.3552527156068805e-20), (-0.09940398275564144, -0.033435073470376955, -0.9944855291665222, 1.3552527156068805e-20), (-0.04185960088705051, -0.9984100984365301, 0.03775115084572574, 4.336808689942018e-19), (-6.652495741112158, 411.59352843157257, -48.958257888065624, 0.9999999999999999) ), ( (-0.9991227340658465, 0.04184918034898866, -0.001068991874865241, 0), (-0.0037672753754908945, -0.11531442184197949, -0.9933217275228402, 0), (-0.04169297077077536, -0.9924471157926131, 0.11537155994680501, 0), (-13.714771346125781, 409.21793506587414, -119.61270128032676, 1) ), ( (-0.9900302104929796, -0.08418249431141701, 0.11293246785689744, 0), (-0.10515850681456879, -0.0916758156049573, -0.9902205310839566, 0), (0.093712442710654, -0.9922233633328925, 0.08190935386534576, 0), (-13.927754567116846, 402.6967487877791, -175.7841314205061, 1) ), ( (-0.8056581227502346, 0.145701914510574, -0.574182843785469, 0), (0.5788106451775722, -0.012657829963081508, -0.8153632168032727, 0), (-0.1260678347829405, -0.9892471067957073, -0.07413615923633027, 0), (-4.460755960483318, 402.48960213095773, -189.1197305818949, 1) ), ( (-0.9408146681320319, -0.14293092167875573, -0.30730794003051115, 0), (0.331542753056603, -0.1999618455271227, -0.9220054429885026, 0), (0.07033324221552166, -0.9693218564691415, 0.235514770171928, 0), (3.1126287957843193, 402.32397910564566, -199.7886209212089, 1) ), ( (-0.8975573481677409, -0.4371265281882352, 0.0575477861846391, 0), (0.023862672270230558, -0.17849567538758174, -0.9836517132648117, 0), (0.44025171091456383, -0.8815101855462594, 0.170640468032644, 0), (7.00451314428797, 399.97706742531466, -210.6115893291177, 1) ), ( (-0.9332536788913767, -0.11620714415384159, -0.33990321007140445, 5.421010862427522e-20), (0.3546880061448889, -0.14828619401933874, -0.9231508755448783, 5.421010862427522e-20), (0.05687372551276064, -0.9820924981040134, 0.17960549913126006, 4.336808689942018e-19), (7.2269694319634485, 398.3125747828395, -219.78194155708425, 0.9999999999999999) ), ( (1, 0, 0, 0), (0, 1, 0, 0), (0, 0, 1, 0), (0, 0, 0, 1) ), ( (-0.9897661977468091, -0.0901628285897007, 0.110601659153835, 0), (-0.0705369105626589, -0.36463222960010855, -0.928475942762463, 0), (0.12404289611530789, -0.9267759859720394, 0.3545418043666235, 0), (-16.64369758259147, 400.4297547294406, -201.28119583244546, 1) ), ( (-0.9913591123613396, -0.08359474842863351, 0.10108989266996776, 0), (-0.06929965379678986, -0.3205668989275561, -0.9446869226169905, 0), (0.11137658915470952, -0.9435299210760894, 0.3120037666080991, 0), (-17.948069837559558, 393.68634109936215, -218.45180000327224, 1) ), ( (-0.9929760996690974, -0.07565505949234698, 0.09096634503602366, 0), (-0.0691018213843412, -0.25325056058181566, -0.9649290436002176, 0), (0.09603905299031285, -0.9644376919575969, 0.24624411977451977, 0), (-18.989841129986694, 388.8673046389634, -232.65345834757545, 1) ), ( (-0.9910193247500303, -0.08508240472485638, 0.10316051421820142, 0), (-0.0785349733326177, -0.25406041948895125, -0.9639939835990342, 0), (0.10822748513215706, -0.9634384476914651, 0.24509717023749428, 0), (-19.516253632484354, 386.93756460997577, -240.00582867841263, 1) ), ( (1, 0, 0, 0), (0, 1, 0, 0), (0, 0, 1, 0), (0, 0, 0, 1) ), ( (0.999865096784571, -0.01641302164977419, -0.0007057494665271447, 0), (-0.003653861433573195, -0.26406250635560313, 0.96449816085817, 0), (-0.016016674397263616, -0.9643656821786362, -0.2640871768443691, 0), (-6.898783770362718, 420.4904321866043, 15.736706554839648, 1) ), ( (0.9949116801754571, -0.04162474852429729, 0.09174863290449689, 0), (-0.09316462597681685, -0.03345569195230199, 0.9950889482070646, 0), (-0.03835083857432033, -0.9985730583286123, -0.037163448059835597, 0), (-7.021875082992484, 411.5934984107241, 48.233693323025406, 1) ), ( (0.9992635333076276, -0.0383118799605319, -0.0022634101617272865, 0), (-0.0021717316890216254, -0.11532770279924379, 0.993325216094136, 0), (-0.03831719179791134, -0.9925877536197854, -0.11532617727773475, 0), (-13.636866134978126, 409.21769157943965, 118.88793732482549, 1) ), ( (0.9969694162431892, 0.00962846624327651, 0.07719254571707003, 0), (-0.07698850969335014, -0.020017927434864653, 0.9968310087167056, 0), (0.011143227214928064, -0.999752512463167, -0.019216041080234447, 0), (-13.759683777298763, 402.69602139526756, 175.05963352042812, 1) ), ( (0.8005274652446241, -0.21736862162702278, -0.5584851713171094, 0), (0.5704192336261058, -0.009420417510761487, 0.8212995043566641, 0), (-0.1837864716402876, -0.976044165877208, 0.11644970101901692, 0), (-4.232183904207285, 402.5389859460287, 188.77683853745742, 1) ), ( (0.952396246726136, 0.074044589631426, -0.2957332363645728, 0), (0.30465626373442256, -0.1955851490348498, 0.9321641718853219, 0), (0.011180737004867988, -0.9778869195746905, -0.20883245236487946, 0), (3.3890905370971027, 402.41274784761424, 199.75063441774282, 1) ), ( (0.959208746625996, 0.2799792668377055, -0.03911549661057678, 0), (0.09934947718713799, -0.20431636593787153, 0.9738497742398315, 0), (0.26466571631347197, -0.9380120747144854, -0.22379735877485368, 0), (6.949024140552592, 400.12764839315247, 210.64254237582904, 1) ), ( (0.9320601299172581, 0.017326617443997817, -0.36188790973833196, 0), (0.3574403341100013, -0.20706342608512363, 0.9106919546724275, 0), (-0.059154702839299494, -0.9781740338337606, -0.19918931188026234, 0), (7.879644358752006, 398.21363607656383, 219.76534614993298, 1) ), ( (1, 0, 0, 0), (0, 1, 0, 0), (0, 0, 1, 0), (0, 0, 0, 1) ), ( (0.9976705448877835, 0.014887316071220121, 0.06656869089893647, 0), (-0.0489891021541973, -0.5227105037025104, 0.8511007351349367, 0), (0.047466814424353666, -0.8523802036164748, -0.5207638474519565, 0), (-16.00335801795921, 402.14947344539655, 204.10575736849293, 1) ), ( (0.9984168473254544, 0.008362719413444665, 0.055612126684655594, 0), (-0.05035173048828722, -0.3074954091125795, 0.9502156785411311, 0), (0.02504692651846667, -0.9515124399394603, -0.30658798084748184, 0), (-16.74827461105085, 394.2010473927311, 217.04735812505405, 1) ), ( (0.9987118504211296, 0.003809723742945477, 0.050596219903370834, 0), (-0.049347116909366155, -0.15906897949819973, 0.9860338542293844, 0), (0.011804802230863554, -0.9872602379509582, -0.15867619647055864, 0), (-17.499980505602537, 389.6107037219465, 231.23317246211667, 1) ), ( (0.998274080321598, 0.010009828758269525, 0.05785972072188714, 0), (-0.05553458635947105, -0.15914854249503538, 0.98569184214, 0), (0.019074879937405635, -0.9872037311706124, -0.15831855092995678, 0), (-17.89726583681218, 388.32994850714454, 239.1718058454653, 1) ), ( (1, 0, 0, 0), (0, 1, 0, 0), (0, 0, 1, 0), (0, 0, 0, 1) ), ( (0.0006958672270452847, -0.014239201776955032, 0.999895749179483, 0), (0.05102099115866621, -0.998595646797626, -0.014256218387204325, 0), (0.9986686776716241, 0.051024262052696535, 0.00003160833247184587, 0), (-5.3964549599637905, 268.5174623958408, -25.858953097554114, 1) ), ( (-0.0002580176732703515, 0.004570839985388856, 0.9999870406532075, 0), (-0.07539969961519075, -0.997142118687069, 0.004538378776557189, 0), (0.9971257085278324, -0.07539567737152943, 0.0006019052793013058, 0), (1.2205219602781368, 141.705612603454, -27.669396953744585, 1) ), ( (-0.041860434790029655, 0.00785381176035449, 0.9990911912002379, 0), (0.8736088100637329, -0.48490511262710795, 0.04041476705420916, 0), (0.4847879178610811, 0.8745179784398114, 0.013437371838691481, 0), (-8.427590951975796, 19.584043434946544, -27.11340050251024, 1) ), ( (-0.018353545373730722, 0.05015269068965911, 0.9985708050505818, 0), (0.9995762498427146, -0.02038033285341683, 0.019395694276646447, 0), (0.021324608738353897, 0.9985331649849265, -0.04975885486695682, 0), (27.934236762552402, -0.6038417899749642, -25.431654088899393, 1) ), ( (-0.01835223340462806, 0.05015355917451621, 0.9985707710949278, 0), (0.9995763049704077, -0.02038028553482775, 0.019394307837004354, 0), (0.021324458566888613, 0.9985330841890506, -0.04975968343242648, 0), (44.154529994423285, -0.9388392350454464, -25.116934189060057, 1) ), ( (1, 0, 0, 0), (0, 1, 0, 0), (0, 0, 1, 0), (0, 0, 0, 1) ), ( (-0.0007226301821102851, 0.01424013264806447, 0.9999086895234769, 0), (0.04927197371301474, -0.9986832386050065, 0.014258351150568865, 0), (0.9988902843016361, 0.04928246354636082, 0.000020039992396520337, 0), (-5.615967236407946, 268.5174073128851, 25.134366827293434, 1) ), ( (0.00014210725523725254, -0.00457261956124767, 1.0000000714130939, 0), (-0.08672875797143195, -0.9962232384359603, -0.004543021582243678, 0), (0.9963349459689871, -0.08673595259734351, -0.0005381963612559708, 0), (0.03958655771185162, 141.70545442348876, 26.94467223716928, 1) ), ( (0.041789039525182925, -0.00757684086930599, 0.9991054812869257, 0), (0.8742135703422413, -0.4840299568964909, -0.040235960541999724, 0), (0.4838752523240032, 0.8750667129232599, -0.013602615509189814, 0), (-8.783973841892848, 19.583900773559595, 26.388608578970462, 1) ), ( (0.017991006384644917, -0.050547244019885355, 0.9985692802965642, 0), (0.9996925278659516, -0.02148764829708175, -0.019098882889133306, 0), (0.02241972713939769, 0.9984911241399177, 0.050139389680075586, 0), (27.71408151112562, -0.6040934016414358, 24.7068432816169, 1) ), ( (0.01799053497808027, -0.05054584132662864, 0.9985694396689405, -5.421010862427522e-20), (0.9996925441985887, -0.021487701939905762, -0.01909835520020975, -3.469446951953614e-18), (0.022419778522509662, 0.9984912627131111, 0.05013800707737231, -1.0842021724855044e-19), (44.182580269666936, -0.9390747253740316, 24.39211709439097, 0.9999999999999999) ), ( (1, 0, 0, 0), (0, 1, 0, 0), (0, 0, 1, 0), (0, 0, 0, 1) )]
            uniform token[] joints = ["Hips", "Hips/Spine", "Hips/Spine/Spine1", "Hips/Spine/Spine1/Spine2", "Hips/Spine/Spine1/Spine2/Neck", "Hips/Spine/Spine1/Spine2/Neck/Head", "Hips/Spine/Spine1/Spine2/Neck/Head/HeadTop_End", "Hips/Spine/Spine1/Spine2/Neck/Head/HeadTop_End/HeadTop_End_end", "Hips/Spine/Spine1/Spine2/LeftShoulder", "Hips/Spine/Spine1/Spine2/LeftShoulder/LeftArm", "Hips/Spine/Spine1/Spine2/LeftShoulder/LeftArm/LeftForeArm", "Hips/Spine/Spine1/Spine2/LeftShoulder/LeftArm/LeftForeArm/LeftHand", "Hips/Spine/Spine1/Spine2/LeftShoulder/LeftArm/LeftForeArm/LeftHand/LeftHandThumb1", "Hips/Spine/Spine1/Spine2/LeftShoulder/LeftArm/LeftForeArm/LeftHand/LeftHandThumb1/LeftHandThumb2", "Hips/Spine/Spine1/Spine2/LeftShoulder/LeftArm/LeftForeArm/LeftHand/LeftHandThumb1/LeftHandThumb2/LeftHandThumb3", "Hips/Spine/Spine1/Spine2/LeftShoulder/LeftArm/LeftForeArm/LeftHand/LeftHandThumb1/LeftHandThumb2/LeftHandThumb3/LeftHandThumb4", "Hips/Spine/Spine1/Spine2/LeftShoulder/LeftArm/LeftForeArm/LeftHand/LeftHandThumb1/LeftHandThumb2/LeftHandThumb3/LeftHandThumb4/LeftHandThumb4_end", "Hips/Spine/Spine1/Spine2/LeftShoulder/LeftArm/LeftForeArm/LeftHand/LeftHandIndex1", "Hips/Spine/Spine1/Spine2/LeftShoulder/LeftArm/LeftForeArm/LeftHand/LeftHandIndex1/LeftHandIndex2", "Hips/Spine/Spine1/Spine2/LeftShoulder/LeftArm/LeftForeArm/LeftHand/LeftHandIndex1/LeftHandIndex2/LeftHandIndex3", "Hips/Spine/Spine1/Spine2/LeftShoulder/LeftArm/LeftForeArm/LeftHand/LeftHandIndex1/LeftHandIndex2/LeftHandIndex3/LeftHandIndex4", "Hips/Spine/Spine1/Spine2/LeftShoulder/LeftArm/LeftForeArm/LeftHand/LeftHandIndex1/LeftHandIndex2/LeftHandIndex3/LeftHandIndex4/LeftHandIndex4_end", "Hips/Spine/Spine1/Spine2/RightShoulder", "Hips/Spine/Spine1/Spine2/RightShoulder/RightArm", "Hips/Spine/Spine1/Spine2/RightShoulder/RightArm/RightForeArm", "Hips/Spine/Spine1/Spine2/RightShoulder/RightArm/RightForeArm/RightHand", "Hips/Spine/Spine1/Spine2/RightShoulder/RightArm/RightForeArm/RightHand/RightHandThumb1", "Hips/Spine/Spine1/Spine2/RightShoulder/RightArm/RightForeArm/RightHand/RightHandThumb1/RightHandThumb2", "Hips/Spine/Spine1/Spine2/RightShoulder/RightArm/RightForeArm/RightHand/RightHandThumb1/RightHandThumb2/RightHandThumb3", "Hips/Spine/Spine1/Spine2/RightShoulder/RightArm/RightForeArm/RightHand/RightHandThumb1/RightHandThumb2/RightHandThumb3/RightHandThumb4", "Hips/Spine/Spine1/Spine2/RightShoulder/RightArm/RightForeArm/RightHand/RightHandThumb1/RightHandThumb2/RightHandThumb3/RightHandThumb4/RightHandThumb4_end", "Hips/Spine/Spine1/Spine2/RightShoulder/RightArm/RightForeArm/RightHand/RightHandIndex1", "Hips/Spine/Spine1/Spine2/RightShoulder/RightArm/RightForeArm/RightHand/RightHandIndex1/RightHandIndex2", "Hips/Spine/Spine1/Spine2/RightShoulder/RightArm/RightForeArm/RightHand/RightHandIndex1/RightHandIndex2/RightHandIndex3", "Hips/Spine/Spine1/Spine2/RightShoulder/RightArm/RightForeArm/RightHand/RightHandIndex1/RightHandIndex2/RightHandIndex3/RightHandIndex4", "Hips/Spine/Spine1/Spine2/RightShoulder/RightArm/RightForeArm/RightHand/RightHandIndex1/RightHandIndex2/RightHandIndex3/RightHandIndex4/RightHandIndex4_end", "Hips/LeftUpLeg", "Hips/LeftUpLeg/LeftLeg", "Hips/LeftUpLeg/LeftLeg/LeftFoot", "Hips/LeftUpLeg/LeftLeg/LeftFoot/LeftToeBase", "Hips/LeftUpLeg/LeftLeg/LeftFoot/LeftToeBase/LeftToe_End", "Hips/LeftUpLeg/LeftLeg/LeftFoot/LeftToeBase/LeftToe_End/LeftToe_End_end", "Hips/RightUpLeg", "Hips/RightUpLeg/RightLeg", "Hips/RightUpLeg/RightLeg/RightFoot", "Hips/RightUpLeg/RightLeg/RightFoot/RightToeBase", "Hips/RightUpLeg/RightLeg/RightFoot/RightToeBase/RightToe_End", "Hips/RightUpLeg/RightLeg/RightFoot/RightToeBase/RightToe_End/RightToe_End_end"]
            uniform matrix4d[] restTransforms = [( (0.9992409207552911, -0.023647983335844787, -0.030968862235004686, 0), (0.032497505655216224, 0.06725805266006982, 0.9972055134061392, 0), (-0.021498992714981673, -0.9974549067211059, 0.06797549488880758, 0), (-0.5570125579833984, 1.522094964981079, 279.18069458007807, 1) ), ( (0.9985309311642067, 0.052702938321031956, 0.012542205442177469, 0), (-0.05253106159121031, 0.9985259409647955, -0.013662767181778931, 0), (-0.013243792571523909, 0.012983847234807278, 0.9998281152717695, 0), (-0.000017642974855291982, 28.167301177978572, 0.4616011083126139, 1) ), ( (0.9998769676161433, 0.015391764587741358, 0.003139819976839226, 0), (-0.015343242699985327, 0.999771127056116, -0.01493297238522999, 0), (-0.003368945349327357, 0.014882956577726869, 0.9998840440197467, 0), (5.960464655174746e-8, 32.866245269775504, -5.653127992388818e-7, 1) ), ( (0.9998769774469246, 0.015438936185504593, 0.0028955961264546665, 0), (-0.015394058009170226, 0.9997700789740985, -0.014926894055208084, 0), (-0.0031253829384772225, 0.014880469431666626, 0.9998838586194213, 0), (-0.0000010132789611816406, 37.56147003173828, -0.0000037476420438053992, 1) ), ( (0.9999520523760752, -0.007980816074442287, 0.00566394865573034, 0), (0.00612361428301178, 0.9617104370944821, 0.27399850164520345, 0), (-0.007633807908632918, -0.2739505985875169, 0.9617129101904773, 0), (-0.00001621246337890625, 42.25662612915039, 0.000004976987838745117, 1) ), ( (0.9914830561051345, -0.12891571652877734, 0.018479487058239104, 0), (0.1292897328186044, 0.99139431165572, -0.020686254285649325, 0), (-0.015653623741741875, 0.02289920349344432, 0.9996148634786843, 0), (0.000001311302183282237, 27.965311050415096, 0.000009849667534922446, 1) ), ( (0.9999999999999734, -2.139021320988338e-7, 8.841059535164009e-8, 0), (2.2585676328040327e-7, 0.9853150386780392, -0.17074622852304316, 0), (-5.058930684781471e-8, 0.1707462285230586, 0.985315038678061, 0), (0.000006642192602157593, 75.03871154785156, 0.000009860843434239541, 1) ), ( (0.9999999999999999, -3.2526065174565133e-18, 0, 0), (5.5294310796760726e-18, 1, -3.469446951953614e-18, 0), (-6.938893903907228e-18, 3.469446951953614e-18, 0.9999999999999999, 0), (0, 7.61944580078125, 0, 1) ), ( (0.2670884535974, 0.03357627749431549, -0.9630874026894538, 0), (0.8926937762635052, -0.38506669026533513, 0.23414187908840134, 0), (-0.36299050862640186, -0.9222767987650473, -0.1328199236998122, 0), (16.098970413208004, 37.75137710571289, 0.13543474674225564, 1) ), ( (0.9629853930114479, 0.042049523497904584, -0.2662553738325857, 0), (0.19619381443140904, 0.5680106242493845, 0.7992941157382717, 0), (0.18484557541320007, -0.8219451377613922, 0.5387353713717478, 0), (0.000003337860105645518, 33.693298339843736, 0.00004863739013671875, 1) ), ( (0.862785940463084, 0.5043102117233309, 0.035651581233401786, 0), (-0.5033640360835229, 0.8634632635684798, -0.03247900816352778, 0), (-0.047163348655919535, 0.010076712586223838, 0.9988360638065965, 0), (-9.5367431640625e-7, 71.04624938964838, 0.00000858306887607796, 0.9999999999999998) ), ( (0.9699677791608067, -0.24039355737240575, -0.03705841003614152, 0), (0.2424873708613344, 0.9676263389580437, 0.06999217605451258, 0), (0.019033028844268163, -0.07687636573075796, 0.9968589510081375, 0), (-0.0000028610229634296047, 56.54920578002921, 2.842170943040401e-14, 1) ), ( (0.8188226453306082, 0.4131701318741556, -0.39852844869256987, 0), (-0.26742509573467155, 0.8888528980859199, 0.37205310006867354, 0), (0.5079518517944077, -0.19806800336946417, 0.8383007461843324, 0), (-10.861083984375, 12.228818893432589, 0.000110626220703125, 1.0000000000000002) ), ( (0.8776819456535271, -0.34092067955574, 0.33682038145324067, 0), (0.3069972399046454, 0.9396376728343566, 0.15110718332868112, 0), (-0.368004046909261, -0.029221068706652087, 0.9293631221135932, 0), (0.00001716613766689079, 13.084587097167969, 0.0000057220458984375, 0.9999999999999999) ), ( (0.8434085236546649, -0.35834029476716694, 0.40032816543495364, 0), (0.3691560887538633, 0.9278651490409836, 0.052811870417686535, 0), (-0.3903728705593906, 0.10324098889781187, 0.9148474787655991, 0), (0.0000033378601020928045, 11.738626480102539, -0.0000019073486257070726, 1) ), ( (0.8688846243140109, 0.3328189759542093, -0.3664299655680547, 0), (-0.30665859646790194, 0.9429908418824101, 0.12934069644482807, 0), (0.38858711670033996, -0.000013243493306280829, 0.9214119885041253, 0), (1.4210854715202004e-14, 9.32286739349368, -0.0000038146972585195726, 0.9999999999999998) ), ( (0.9999999999999999, -1.3877787807814457e-17, 0, 0), (0, 0.9999999999999998, -2.7755575615628914e-17, 0), (0, 5.551115123125783e-17, 0.9999999999999999, 0), (-3.552713678800501e-15, 7.619419574737549, 1.4210854715202004e-14, 0.9999999999999999) ), ( (0.9982952250904302, -0.05824022652943067, 0.0039287187877420915, 0), (0.05171786231202567, 0.9136883070397697, 0.4031133473462029, 0), (-0.027066985458259585, -0.4022221777099435, 0.9151409886608269, 0), (0.000015258789066940892, 25.740921020507812, -0.09329795837402344, 1.0000000000000002) ), ( (0.9921602287711652, -0.11673451329450478, -0.04460074554220833, 0), (0.12196011362639686, 0.8267367599291553, 0.5492119166558831, 0), (-0.027238929409187262, -0.5503461265057286, 0.834492884246494, 0), (0.0000023841857945683387, 18.49360656738284, -0.0000019073486470233547, 0.9999999999999999) ), ( (0.9996379592498332, -0.024060642962690226, -0.012023271183385253, 0), (0.025325455801018804, 0.9925218538514321, 0.11939953561051617, 0), (0.009060540069013606, -0.11966093845064513, 0.9927729915487629, 0), (0.0000057220458984375, 15.033233642578097, -0.000004291534381195561, 1) ), ( (0.9998792441915592, -0.009514157055824535, 0.01228245257053212, 0), (0.009513586437440547, 0.999954679704426, 0.00010488579443926338, 0), (-0.012282893093954722, 0.000011977044609284837, 0.9999243835240523, 0), (1.4210854715202004e-14, 7.6194376945495605, 0.00003910064702949967, 1) ), ( (0.9999999999999999, 5.551115123125783e-17, 2.7755575615628914e-17, 0), (-5.551115123125783e-17, 0.9999999999999999, -8.326672684688674e-17, 0), (0, 0, 0.9999999999999999, 0), (1.4210854715202004e-14, 7.619417667388888, 0, 1) ), ( (0.053794506569070435, -0.025507082580834686, 0.9982252413425947, 0), (-0.9204184110730401, -0.3889180088010186, 0.03966368395959257, 0), (0.38721618373521227, -0.9209188532924002, -0.04439885403134197, 0), (-16.098978042602546, 37.74926757812494, 0.012270510196685791, 1) ), ( (0.9795106987397669, 0.06494619659306759, 0.19062883331612024, 0), (-0.19297841187723586, 0.5733848583445177, 0.7962344976130906, 0), (-0.05759130153473745, -0.8167077020270654, 0.5741699882359288, 0), (-0.0000010132789611816406, 33.69310760498051, -0.000015616416987995763, 1) ), ( (0.8281068944529666, -0.5591488544371217, -0.039888007019862524, 0), (0.558049101279293, 0.8290334891502659, -0.035820730150929146, 0), (0.05309768665586562, 0.007403937283170431, 0.9985622327328265, 0), (-0.000002145767204808635, 71.00300598144526, 0.0000021457671977032078, 1) ), ( (0.8519076335712567, 0.19332821119212273, 0.4867029200535359, 0), (-0.21889285213583068, 0.9757397719650841, -0.004441175397269492, 0), (-0.47575280972462425, -0.10275206186115893, 0.8735561368042223, 0), (-0.00001430511471767204, 56.549140930175724, -0.0000035017728805541992, 1) ), ( (0.8804517745222529, -0.42690201808974015, 0.2062832596003485, 0), (0.3616675892643086, 0.8860514159758165, 0.29001998015887964, 0), (-0.30658909618322233, -0.1807434665037696, 0.9345264543045435, 0), (10.555532455444318, 12.943511009216309, 0.00000858306887607796, 1) ), ( (0.824639304698203, 0.49336057944844103, -0.2767061789474652, 0), (-0.447151017300734, 0.8681608821196362, 0.2153116062737192, 0), (0.3464505002322381, -0.05382477138881253, 0.9365229219257623, 0), (0.000008583068833445395, 13.361312866210909, 0.0000019073486328125, 1) ), ( (0.9628088237922207, 0.07398935492579369, -0.25985248444943254, 0), (-0.0846459038649601, 0.9959585883688787, -0.03004585339784785, 0), (0.25657901088566604, 0.05092381565812952, 0.9651797498988748, 0), (-7.152557337519738e-7, 11.684764862060604, -0.000006675720207738323, 1.0000000000000002) ), ( (0.9130472383324275, -0.2633651526554157, 0.31142179907693746, 0), (0.24926472772658193, 0.9646962197327822, 0.08501940451845305, 0), (-0.32281858076157854, -2.625452059853983e-7, 0.9464608623260716, 0), (7.105427357601002e-15, 9.367434501648006, 0, 0.9999999999999998) ), ( (0.9999999999999998, -2.7755575615628914e-17, 5.551115123125783e-17, 0), (-4.163336342344337e-17, 0.9999999999999999, -1.3877787807814457e-17, 0), (1.1102230246251565e-16, 1.3877787807814457e-17, 0.9999999999999998, 0), (0, 7.61940336227417, -7.105427357601002e-15, 0.9999999999999998) ), ( (0.9999102475646511, 0.006867488566162372, -0.011524376478018794, 0), (-0.002729224295204405, 0.9452080995027939, 0.3264581370174865, 0), (0.013134864288251558, -0.3263969559910032, 0.9451407683244719, 0), (0.000012874603251056271, 29.13754844665533, -0.036147117614746094, 1) ), ( (0.9977617977422526, 0.06138686465745903, 0.02652853312077258, 0), (-0.06653678390450268, 0.8715052943837942, 0.4858498399165184, 0), (0.006705048893198673, -0.4865280839704445, 0.8736401632011535, 0), (-0.0000038146972620722863, 15.205983161926298, 0.000007629394538355427, 1) ), ( (0.9994630019319457, 0.03129728058067613, 0.009754059256634862, 0), (-0.03275668987776603, 0.9651593685936599, 0.2596084325527629, 0), (-0.0012891805681548574, -0.2597878991522665, 0.9656639153085148, 0), (-0.0000019073486310361432, 14.928714752197266, 0.0000038146972585195726, 1) ), ( (0.9999543043641823, 0.006197446376584648, -0.007278793990342702, 0), (-0.006197174321664833, 0.99998091474048, 0.000060031767452284335, 0), (0.007279027116330217, -0.00001492106905282009, 0.9999736266323201, 0), (-0.000007152557369494161, 8.05105495452878, 0.000004529952988718833, 1) ), ( (0.9999999999999999, 5.551115123125783e-17, -5.551115123125783e-17, 0), (5.551115123125783e-17, 0.9999999999999998, 2.7755575615628914e-17, 0), (-5.551115123125783e-17, -8.326672684688674e-17, 0.9999999999999998, 0), (0, 7.6193985939025595, 0, 1) ), ( (-0.9348739043250699, -0.17064243215791364, 0.3112708774923569, 0), (0.16640462642671583, -0.9852320175121616, -0.04033478815612354, 0), (0.31354772182418894, 0.014088562555729614, 0.9494357193161627, 0), (25.496740341186523, -15.643475532531681, 3.748899221420295, 1) ), ( (0.9938344284410735, 0.024023698670189726, -0.10823602484071354, 0), (-0.05745748209294731, 0.9465187746389667, -0.3174944950027155, 0), (0.09481989623387971, 0.3217554499799861, 0.9420618828556204, 0), (2.3841856489070778e-7, 126.99726867675776, 4.76837158203125e-7, 0.9999999999999997) ), ( (0.9871966543267316, -0.14723897914207185, -0.06134209534201518, 0), (0.09373707910125874, 0.22436692911545447, 0.9699925140667196, 0), (-0.1290559853583162, -0.9633115653039466, 0.23529314452108518, 0), (7.152557373046875e-7, 122.50348663330078, -4.7683715109769764e-7, 0.9999999999999999) ), ( (0.9988289785061272, 3.494839842799191e-7, 0.04838048879749167, 0), (-0.022615022251205014, 0.8840287421494885, 0.46688719319736427, 0), (-0.042769538698416903, -0.46743413830966324, 0.8829926913073668, 0), (-0.0000015725381814490902, 41.62489700317382, 9.238719957949115e-7, 0.9999999999999998) ), ( (0.9999999999986856, 0.0000013575773105123368, 8.863863818621247e-7, 0), (-0.0000013575773987473116, 0.9999999999990737, 9.965092070442216e-8, 0), (-8.863861937456752e-7, -9.96521181007709e-8, 0.9999999403949575, 0), (-0.0000035883858728880114, 16.227251052856445, 4.1723251298364517e-7, 1) ), ( (0.9999999999999999, 2.7755575615628914e-17, 3.469446951953614e-18, 0), (2.7755575615628914e-17, 0.9999999999999999, 0, 0), (1.1275702593849246e-17, -1.734723475976807e-18, 0.9999999999999999, 0), (-7.105427357601002e-15, 7.6194210052490305, 0, 1) ), ( (-0.9955992160652023, 0.044933687112161995, -0.08235724104109893, 0), (-0.03774766674481208, -0.9955087727087797, -0.08682093038200547, 0), (-0.08589670064454127, -0.08333797363038181, 0.9929182225982478, 0), (-25.496746063232422, -15.643442153930607, 3.5291914939880407, 1) ), ( (0.9942257713140328, -0.018691179286814793, -0.10559252573396243, 0), (-0.009900618429884503, 0.9644802813161822, -0.26394599104330246, 0), (0.10677855932354205, 0.26347520557725446, 0.9587547271408176, 0), (0.0000028517097234725952, 126.95092010498055, 5.960464544152444e-8, 1.0000000000000002) ), ( (0.9948577614340913, 0.08587952206442334, 0.053675630177742156, 0), (-0.07194696967340986, 0.22634399061916066, 0.9713660982102015, 0), (0.0712741844495133, -0.970272168568698, 0.23136821083393244, 0), (-0.000006556510932398396, 122.44098663330078, 0.000001430511485267516, 1) ), ( (0.9988505780969187, 0.0010086325878594926, -0.04792932872072865, 0), (0.02269045982176421, 0.8707544183393076, 0.4911950745187867, 0), (0.04223011514497973, -0.4917180812663222, 0.8697307714812432, 0), (0.000002959510318589764, 41.73994827270507, -3.874301883755038e-7, 1) ), ( (0.999999940394212, -5.333859319223144e-7, 0.0000014147953555261605, 0), (5.333858857647922e-7, 0.9999999403952126, 3.2596665363454624e-8, 0), (-0.0000014147954572351663, -3.2595912680816186e-8, 0.9999999999989986, 0), (0.0000011306256126886183, 16.47316551208496, 2.9802322432104233e-7, 1) ), ( (1, -2.7755575615628914e-17, 7.37257477290143e-18, 0), (-2.7755575615628914e-17, 1, 0, 0), (0, 3.469446951953614e-18, 1, 0), (7.105427357601002e-15, 7.61942100524902, 0, 1) )]
            rel skel:animationSource = </Animated_Woman_AssetRoot/Armature/Hips/Animation>

            def SkelAnimation "Animation"
            {
                uniform token[] joints = ["Hips", "Hips/Spine", "Hips/Spine/Spine1", "Hips/Spine/Spine1/Spine2", "Hips/Spine/Spine1/Spine2/Neck", "Hips/Spine/Spine1/Spine2/Neck/Head", "Hips/Spine/Spine1/Spine2/Neck/Head/HeadTop_End", "Hips/Spine/Spine1/Spine2/Neck/Head/HeadTop_End/HeadTop_End_end", "Hips/Spine/Spine1/Spine2/LeftShoulder", "Hips/Spine/Spine1/Spine2/LeftShoulder/LeftArm", "Hips/Spine/Spine1/Spine2/LeftShoulder/LeftArm/LeftForeArm", "Hips/Spine/Spine1/Spine2/LeftShoulder/LeftArm/LeftForeArm/LeftHand", "Hips/Spine/Spine1/Spine2/LeftShoulder/LeftArm/LeftForeArm/LeftHand/LeftHandThumb1", "Hips/Spine/Spine1/Spine2/LeftShoulder/LeftArm/LeftForeArm/LeftHand/LeftHandThumb1/LeftHandThumb2", "Hips/Spine/Spine1/Spine2/LeftShoulder/LeftArm/LeftForeArm/LeftHand/LeftHandThumb1/LeftHandThumb2/LeftHandThumb3", "Hips/Spine/Spine1/Spine2/LeftShoulder/LeftArm/LeftForeArm/LeftHand/LeftHandThumb1/LeftHandThumb2/LeftHandThumb3/LeftHandThumb4", "Hips/Spine/Spine1/Spine2/LeftShoulder/LeftArm/LeftForeArm/LeftHand/LeftHandThumb1/LeftHandThumb2/LeftHandThumb3/LeftHandThumb4/LeftHandThumb4_end", "Hips/Spine/Spine1/Spine2/LeftShoulder/LeftArm/LeftForeArm/LeftHand/LeftHandIndex1", "Hips/Spine/Spine1/Spine2/LeftShoulder/LeftArm/LeftForeArm/LeftHand/LeftHandIndex1/LeftHandIndex2", "Hips/Spine/Spine1/Spine2/LeftShoulder/LeftArm/LeftForeArm/LeftHand/LeftHandIndex1/LeftHandIndex2/LeftHandIndex3", "Hips/Spine/Spine1/Spine2/LeftShoulder/LeftArm/LeftForeArm/LeftHand/LeftHandIndex1/LeftHandIndex2/LeftHandIndex3/LeftHandIndex4", "Hips/Spine/Spine1/Spine2/LeftShoulder/LeftArm/LeftForeArm/LeftHand/LeftHandIndex1/LeftHandIndex2/LeftHandIndex3/LeftHandIndex4/LeftHandIndex4_end", "Hips/Spine/Spine1/Spine2/RightShoulder", "Hips/Spine/Spine1/Spine2/RightShoulder/RightArm", "Hips/Spine/Spine1/Spine2/RightShoulder/RightArm/RightForeArm", "Hips/Spine/Spine1/Spine2/RightShoulder/RightArm/RightForeArm/RightHand", "Hips/Spine/Spine1/Spine2/RightShoulder/RightArm/RightForeArm/RightHand/RightHandThumb1", "Hips/Spine/Spine1/Spine2/RightShoulder/RightArm/RightForeArm/RightHand/RightHandThumb1/RightHandThumb2", "Hips/Spine/Spine1/Spine2/RightShoulder/RightArm/RightForeArm/RightHand/RightHandThumb1/RightHandThumb2/RightHandThumb3", "Hips/Spine/Spine1/Spine2/RightShoulder/RightArm/RightForeArm/RightHand/RightHandThumb1/RightHandThumb2/RightHandThumb3/RightHandThumb4", "Hips/Spine/Spine1/Spine2/RightShoulder/RightArm/RightForeArm/RightHand/RightHandThumb1/RightHandThumb2/RightHandThumb3/RightHandThumb4/RightHandThumb4_end", "Hips/Spine/Spine1/Spine2/RightShoulder/RightArm/RightForeArm/RightHand/RightHandIndex1", "Hips/Spine/Spine1/Spine2/RightShoulder/RightArm/RightForeArm/RightHand/RightHandIndex1/RightHandIndex2", "Hips/Spine/Spine1/Spine2/RightShoulder/RightArm/RightForeArm/RightHand/RightHandIndex1/RightHandIndex2/RightHandIndex3", "Hips/Spine/Spine1/Spine2/RightShoulder/RightArm/RightForeArm/RightHand/RightHandIndex1/RightHandIndex2/RightHandIndex3/RightHandIndex4", "Hips/Spine/Spine1/Spine2/RightShoulder/RightArm/RightForeArm/RightHand/RightHandIndex1/RightHandIndex2/RightHandIndex3/RightHandIndex4/RightHandIndex4_end", "Hips/LeftUpLeg", "Hips/LeftUpLeg/LeftLeg", "Hips/LeftUpLeg/LeftLeg/LeftFoot", "Hips/LeftUpLeg/LeftLeg/LeftFoot/LeftToeBase", "Hips/LeftUpLeg/LeftLeg/LeftFoot/LeftToeBase/LeftToe_End", "Hips/LeftUpLeg/LeftLeg/LeftFoot/LeftToeBase/LeftToe_End/LeftToe_End_end", "Hips/RightUpLeg", "Hips/RightUpLeg/RightLeg", "Hips/RightUpLeg/RightLeg/RightFoot", "Hips/RightUpLeg/RightLeg/RightFoot/RightToeBase", "Hips/RightUpLeg/RightLeg/RightFoot/RightToeBase/RightToe_End", "Hips/RightUpLeg/RightLeg/RightFoot/RightToeBase/RightToe_End/RightToe_End_end"]
                quatf[] rotations = [(0.730492, 0.6826432, 0.0032409148, -0.019214962), (0.9996106, -0.006664248, -0.006449012, 0.026318755), (0.99994135, -0.0074544162, -0.0016272861, 0.0076841996), (0.9999414, -0.00745228, -0.0015053331, 0.007708699), (0.9903757, 0.13831854, -0.0033567466, -0.003560374), (0.9978088, -0.010920278, -0.0085520195, -0.064693026), (0.996322, -0.08568828, -3.487826e-8, -1.10345574e-7), (1, -1.951564e-18, -1.7347235e-18, -1.7618285e-18), (0.4327822, 0.66801476, 0.34665012, -0.49627566), (0.87603253, 0.46266565, 0.12873411, -0.043989345), (0.9650241, -0.011024527, -0.021454114, 0.2610491), (0.99177283, 0.037021723, 0.014139186, -0.12172167), (0.9415382, 0.15138042, 0.24069144, 0.1807134), (0.96781766, 0.04658117, -0.18206553, -0.16736569), (0.95996356, -0.013133135, -0.20591934, -0.18945903), (0.96608585, 0.033473715, 0.19538043, 0.16548155), (1, -2.0816682e-17, 4.622232e-33, -3.85186e-34), (0.97815186, 0.20583092, -0.007922012, -0.028103517), (0.9556921, 0.28763375, 0.004541702, -0.062440254), (0.99811506, 0.05987804, 0.0052809087, -0.012369851), (0.99996984, 0.000023227889, -0.0061415224, -0.0047570798), (1, -2.0816682e-17, -1.3877788e-17, 3.469447e-17), (0.39385206, 0.60973585, -0.38784224, 0.56805027), (0.88417566, 0.45605823, -0.0701841, 0.072928), (0.95599467, -0.011303592, 0.024316477, -0.29215607), (0.96192545, 0.025550561, -0.25013775, 0.10713425), (0.961903, 0.12235192, -0.13329627, -0.20495066), (0.95253867, 0.070636414, 0.1635515, 0.24684297), (0.9904479, -0.020437649, 0.13035312, 0.040041294), (0.9777787, 0.021737963, -0.16216359, -0.13107002), (1, -6.938894e-18, 1.3877788e-17, 3.469447e-18), (0.986187, 0.16549985, 0.006251159, 0.0024327815), (0.9673297, 0.25130466, -0.0051232483, 0.03306103), (0.9912474, 0.13099562, -0.0027851867, 0.016154878), (0.99998856, 0.000018738421, 0.0036394966, 0.0030986904), (1, 1.3877788e-17, 6.162976e-33, 1.3877788e-17), (-0.08567012, 0.15881789, -0.006671115, 0.9835614), (0.9851923, -0.16221452, 0.051527012, 0.020676455), (0.78212166, 0.6179678, -0.021644548, -0.077026226), (0.9702898, 0.24073242, -0.023485258, 0.0058269575), (1, 4.982576e-8, -4.4319316e-7, 6.787887e-7), (1, 2.8189256e-17, -1.1926224e-17, 6.938894e-18), (0.02071192, -0.04214587, -0.042623334, 0.997987), (0.9896287, -0.13323651, 0.053648975, -0.002220694), (0.78303427, 0.6199086, 0.005618243, 0.050389875), (0.9668679, 0.2541486, 0.02331223, -0.0056062), (1, 1.6298145e-8, -7.073977e-7, -2.6669298e-7), (1, -8.6736174e-19, -1.8431437e-18, 6.162976e-33)]
                quatf[] rotations.timeSamples = {
                    0: [(0.730492, 0.6826432, 0.0032409148, -0.019214962), (0.9996106, -0.006664248, -0.006449012, 0.026318755), (0.99994135, -0.0074544162, -0.0016272861, 0.0076841996), (0.9999414, -0.00745228, -0.0015053331, 0.007708699), (0.9903757, 0.13831854, -0.0033567466, -0.003560374), (0.9978088, -0.010920278, -0.0085520195, -0.064693026), (0.996322, -0.08568828, -3.487826e-8, -1.10345574e-7), (1, -1.951564e-18, -1.7347235e-18, -1.7618285e-18), (0.4327822, 0.66801476, 0.34665012, -0.49627566), (0.87603253, 0.46266565, 0.12873411, -0.043989345), (0.9650241, -0.011024527, -0.021454114, 0.2610491), (0.99177283, 0.037021723, 0.014139186, -0.12172167), (0.9415382, 0.15138042, 0.24069144, 0.1807134), (0.96781766, 0.04658117, -0.18206553, -0.16736569), (0.95996356, -0.013133135, -0.20591934, -0.18945903), (0.96608585, 0.033473715, 0.19538043, 0.16548155), (1, -2.0816682e-17, 4.622232e-33, -3.85186e-34), (0.97815186, 0.20583092, -0.007922012, -0.028103517), (0.9556921, 0.28763375, 0.004541702, -0.062440254), (0.99811506, 0.05987804, 0.0052809087, -0.012369851), (0.99996984, 0.000023227889, -0.0061415224, -0.0047570798), (1, -2.0816682e-17, -1.3877788e-17, 3.469447e-17), (0.39385206, 0.60973585, -0.38784224, 0.56805027), (0.88417566, 0.45605823, -0.0701841, 0.072928), (0.95599467, -0.011303592, 0.024316477, -0.29215607), (0.96192545, 0.025550561, -0.25013775, 0.10713425), (0.961903, 0.12235192, -0.13329627, -0.20495066), (0.95253867, 0.070636414, 0.1635515, 0.24684297), (0.9904479, -0.020437649, 0.13035312, 0.040041294), (0.9777787, 0.021737963, -0.16216359, -0.13107002), (1, -6.938894e-18, 1.3877788e-17, 3.469447e-18), (0.986187, 0.16549985, 0.006251159, 0.0024327815), (0.9673297, 0.25130466, -0.0051232483, 0.03306103), (0.9912474, 0.13099562, -0.0027851867, 0.016154878), (0.99998856, 0.000018738421, 0.0036394966, 0.0030986904), (1, 1.3877788e-17, 6.162976e-33, 1.3877788e-17), (-0.08567012, 0.15881789, -0.006671115, 0.9835614), (0.9851923, -0.16221452, 0.051527012, 0.020676455), (0.78212166, 0.6179678, -0.021644548, -0.077026226), (0.9702898, 0.24073242, -0.023485258, 0.0058269575), (1, 4.982576e-8, -4.4319316e-7, 6.787887e-7), (1, 2.8189256e-17, -1.1926224e-17, 6.938894e-18), (0.02071192, -0.04214587, -0.042623334, 0.997987), (0.9896287, -0.13323651, 0.053648975, -0.002220694), (0.78303427, 0.6199086, 0.005618243, 0.050389875), (0.9668679, 0.2541486, 0.02331223, -0.0056062), (1, 1.6298145e-8, -7.073977e-7, -2.6669298e-7), (1, -8.6736174e-19, -1.8431437e-18, 6.162976e-33)],
