#usda 1.0
(
    defaultPrim = "Animated_Woman_AssetRoot"
    endTimeCode = 153
    framesPerSecond = 24
    metersPerUnit = 1
    startTimeCode = 0
    timeCodesPerSecond = 24
    upAxis = "Y"
)

def SkelRoot "Animated_Woman_AssetRoot" (
    kind = "assembly"
)
{
    def Xform "Armature"
    {
        float3 xformOp:rotateXYZ.timeSamples = {
            0: (-90.00001, 0, 0),
        }
        float3 xformOp:scale.timeSamples = {
            0: (1, 1, 1),
        }
        double3 xformOp:translate.timeSamples = {
            0: (0, 0, 0),
        }
        uniform token[] xformOpOrder = ["xformOp:translate", "xformOp:rotateXYZ", "xformOp:scale"]

        def Xform "ArmatureShape"
        {
        }

        def Skeleton "Hips" (
            prepend apiSchemas = ["SkelBindingAPI"]
            customData = {
                dictionary Maya = {
                    bool generated = 1
                }
            }
        )
        {
            uniform matrix4d[] bindTransforms = [( (4.371139999999929e-8, 5.210792282599915e-15, -0.9999999999999981, 0), (-1.1920899999767753e-7, 0.9999999999999858, -5.2108924813998314e-15, 0), (0.9999999999999838, 1.1920899999999807e-7, 4.371139999999929e-8, 0), (-0.09145275858700018, 2.841609179098008, -0.003623503997528112, 1) ), ( (7.870031215563148e-10, -1.289748271219305e-11, -0.9999999999999999, 0), (0.016385891550208483, 0.9998654843945565, 1.289921923615378e-11, 0), (0.9998654843945564, -0.016385891550208486, 7.871091073027598e-10, 0), (-0.08683586220028268, 3.1232806133566173, -0.0036233500683584947, 1) ), ( (1.0727737524013887e-7, 4.3853777530901e-15, -0.9999999999999885, 0), (0.01638579160395886, 0.9998654876712837, 1.7578349513838742e-9, 0), (0.9998654876712723, -0.01638579160395905, 1.0726356978640243e-7, 0), (-0.08145034546601969, 3.4518997236400737, -0.0036233487378301617, 1) ), ( (1.0172063050327367e-7, -3.73573809819308e-15, -0.9999999999999897, 1.5407439555097887e-33), (0.016385691657708465, 0.9998654909479913, 1.6667525554181495e-9, -4.336808689942018e-19), (0.9998654909479808, -0.016385691657708635, 1.0170631773922869e-7, 6.776263578034403e-21), (-0.07529552039663534, 3.8274635099249323, -0.003623357659060335, 1) ), ( (6.379594306099813e-8, -2.1251003257716453e-15, -0.9999999999999959, 0), (0.17074602633911057, 0.98531515199373, 1.0892913496337794e-8, 0), (0.985315151993726, -0.17074602633911123, 6.285916543657673e-8, 0), (-0.06837406161601879, 4.249975995051486, -0.0036232043619916342, 1) ), ( (2.4277819678210753e-7, -6.07700093719609e-15, -0.999999999999941, 0), (0.17074602633910116, 0.9853151519937299, 4.145337878264533e-8, 0), (0.9853151519936718, -0.17074602633911126, 2.3921284197074176e-7, 0), (-0.02062328031281406, 4.525522774717207, -0.0036231950068787476, 1) ), ( (4.371529999999954e-8, 4.071306434189957e-15, -0.9999999999999981, 0), (-9.313230000043693e-8, 0.9999999999999913, -4.071287577900318e-15, 0), (0.9999999999999895, 9.313229999999901e-8, 4.371529999999954e-8, 0), (0.10750318982693996, 5.26489137001202, -0.0036230453004658055, 1) ), ( (1, 0, 0, 0), (0, 1, 0, 0), (0, 0, 1, 0), (0, 0, 0, 1) ), ( (-0.9998299802052852, 0.01643872073239509, -0.008292153415478405, -6.776263578034403e-21), (0.0036574885821727843, -0.2640656884469849, -0.9644974408689484, 1.0842021724855044e-19), (-0.018044748073126525, -0.9643641139154313, 0.26396091624867, 4.336808689942018e-19), (-0.06775743786056372, 4.20490453522793, -0.16461078454628728, 1) ), ( (-0.994165588224983, 0.0453813367369479, 0.09784632910499666, -1.3552527156068805e-20), (-0.09940398275564144, -0.033435073470376955, -0.9944855291665222, 1.3552527156068805e-20), (-0.04185960088705051, -0.9984100984365301, 0.03775115084572574, 4.336808689942018e-19), (-0.06652495741112159, 4.115935284315726, -0.48958257888065626, 1) ), ( (-0.9991227340658465, 0.04184918034898866, -0.001068991874865241, 0), (-0.0037672753754908945, -0.11531442184197949, -0.9933217275228402, 0), (-0.04169297077077536, -0.9924471157926131, 0.11537155994680501, 0), (-0.13714771346125781, 4.092179350658742, -1.1961270128032677, 1) ), ( (-0.9900302104929796, -0.08418249431141701, 0.11293246785689744, 0), (-0.10515850681456879, -0.0916758156049573, -0.9902205310839566, 0), (0.093712442710654, -0.9922233633328925, 0.08190935386534576, 0), (-0.13927754567116846, 4.026967487877791, -1.757841314205061, 1) ), ( (-0.8056581227502346, 0.145701914510574, -0.574182843785469, 0), (0.5788106451775722, -0.012657829963081508, -0.8153632168032727, 0), (-0.1260678347829405, -0.9892471067957073, -0.07413615923633027, 0), (-0.044607559604833175, 4.024896021309577, -1.891197305818949, 1) ), ( (-0.9408146681320319, -0.14293092167875573, -0.30730794003051115, 0), (0.331542753056603, -0.1999618455271227, -0.9220054429885026, 0), (0.07033324221552166, -0.9693218564691415, 0.235514770171928, 0), (0.031126287957843193, 4.023239791056457, -1.997886209212089, 1) ), ( (-0.8975573481677409, -0.4371265281882352, 0.0575477861846391, 0), (0.023862672270230558, -0.17849567538758174, -0.9836517132648117, 0), (0.44025171091456383, -0.8815101855462594, 0.170640468032644, 0), (0.0700451314428797, 3.9997706742531465, -2.106115893291177, 1) ), ( (-0.9332536788913767, -0.11620714415384159, -0.33990321007140445, 5.421010862427522e-20), (0.3546880061448889, -0.14828619401933874, -0.9231508755448783, 5.421010862427522e-20), (0.05687372551276064, -0.9820924981040134, 0.17960549913126006, 4.336808689942018e-19), (0.07226969431963448, 3.983125747828395, -2.1978194155708426, 1) ), ( (1, 0, 0, 0), (0, 1, 0, 0), (0, 0, 1, 0), (0, 0, 0, 1) ), ( (-0.9897661977468091, -0.0901628285897007, 0.110601659153835, 0), (-0.0705369105626589, -0.36463222960010855, -0.928475942762463, 0), (0.12404289611530789, -0.9267759859720394, 0.3545418043666235, 0), (-0.1664369758259147, 4.0042975472944065, -2.0128119583244546, 1) ), ( (-0.9913591123613396, -0.08359474842863351, 0.10108989266996776, 0), (-0.06929965379678986, -0.3205668989275561, -0.9446869226169905, 0), (0.11137658915470952, -0.9435299210760894, 0.3120037666080991, 0), (-0.17948069837559558, 3.9368634109936216, -2.1845180000327225, 1) ), ( (-0.9929760996690974, -0.07565505949234698, 0.09096634503602366, 0), (-0.0691018213843412, -0.25325056058181566, -0.9649290436002176, 0), (0.09603905299031285, -0.9644376919575969, 0.24624411977451977, 0), (-0.18989841129986695, 3.888673046389634, -2.3265345834757545, 1) ), ( (-0.9910193247500303, -0.08508240472485638, 0.10316051421820142, 0), (-0.0785349733326177, -0.25406041948895125, -0.9639939835990342, 0), (0.10822748513215706, -0.9634384476914651, 0.24509717023749428, 0), (-0.19516253632484354, 3.869375646099758, -2.4000582867841262, 1) ), ( (1, 0, 0, 0), (0, 1, 0, 0), (0, 0, 1, 0), (0, 0, 0, 1) ), ( (0.999865096784571, -0.01641302164977419, -0.0007057494665271447, 0), (-0.003653861433573195, -0.26406250635560313, 0.96449816085817, 0), (-0.016016674397263616, -0.9643656821786362, -0.2640871768443691, 0), (-0.06898783770362718, 4.204904321866043, 0.1573670655483965, 1) ), ( (0.9949116801754571, -0.04162474852429729, 0.09174863290449689, 0), (-0.09316462597681685, -0.03345569195230199, 0.9950889482070646, 0), (-0.03835083857432033, -0.9985730583286123, -0.037163448059835597, 0), (-0.07021875082992483, 4.115934984107241, 0.48233693323025406, 1) ), ( (0.9992635333076276, -0.0383118799605319, -0.0022634101617272865, 0), (-0.0021717316890216254, -0.11532770279924379, 0.993325216094136, 0), (-0.03831719179791134, -0.9925877536197854, -0.11532617727773475, 0), (-0.13636866134978126, 4.092176915794396, 1.188879373248255, 1) ), ( (0.9969694162431892, 0.00962846624327651, 0.07719254571707003, 0), (-0.07698850969335014, -0.020017927434864653, 0.9968310087167056, 0), (0.011143227214928064, -0.999752512463167, -0.019216041080234447, 0), (-0.13759683777298765, 4.026960213952676, 1.7505963352042813, 1) ), ( (0.8005274652446241, -0.21736862162702278, -0.5584851713171094, 0), (0.5704192336261058, -0.009420417510761487, 0.8212995043566641, 0), (-0.1837864716402876, -0.976044165877208, 0.11644970101901692, 0), (-0.04232183904207285, 4.025389859460287, 1.8877683853745744, 1) ), ( (0.952396246726136, 0.074044589631426, -0.2957332363645728, 0), (0.30465626373442256, -0.1955851490348498, 0.9321641718853219, 0), (0.011180737004867988, -0.9778869195746905, -0.20883245236487946, 0), (0.03389090537097103, 4.024127478476142, 1.9975063441774281, 1) ), ( (0.959208746625996, 0.2799792668377055, -0.03911549661057678, 0), (0.09934947718713799, -0.20431636593787153, 0.9738497742398315, 0), (0.26466571631347197, -0.9380120747144854, -0.22379735877485368, 0), (0.06949024140552593, 4.001276483931525, 2.1064254237582904, 1) ), ( (0.9320601299172581, 0.017326617443997817, -0.36188790973833196, 0), (0.3574403341100013, -0.20706342608512363, 0.9106919546724275, 0), (-0.059154702839299494, -0.9781740338337606, -0.19918931188026234, 0), (0.07879644358752005, 3.9821363607656384, 2.1976534614993297, 1) ), ( (1, 0, 0, 0), (0, 1, 0, 0), (0, 0, 1, 0), (0, 0, 0, 1) ), ( (0.9976705448877835, 0.014887316071220121, 0.06656869089893647, 0), (-0.0489891021541973, -0.5227105037025104, 0.8511007351349367, 0), (0.047466814424353666, -0.8523802036164748, -0.5207638474519565, 0), (-0.16003358017959213, 4.021494734453966, 2.0410575736849292, 1) ), ( (0.9984168473254544, 0.008362719413444665, 0.055612126684655594, 0), (-0.05035173048828722, -0.3074954091125795, 0.9502156785411311, 0), (0.02504692651846667, -0.9515124399394603, -0.30658798084748184, 0), (-0.1674827461105085, 3.942010473927311, 2.1704735812505405, 1) ), ( (0.9987118504211296, 0.003809723742945477, 0.050596219903370834, 0), (-0.049347116909366155, -0.15906897949819973, 0.9860338542293844, 0), (0.011804802230863554, -0.9872602379509582, -0.15867619647055864, 0), (-0.17499980505602536, 3.896107037219465, 2.3123317246211665, 1) ), ( (0.998274080321598, 0.010009828758269525, 0.05785972072188714, 0), (-0.05553458635947105, -0.15914854249503538, 0.98569184214, 0), (0.019074879937405635, -0.9872037311706124, -0.15831855092995678, 0), (-0.17897265836812182, 3.8832994850714453, 2.391718058454653, 1) ), ( (1, 0, 0, 0), (0, 1, 0, 0), (0, 0, 1, 0), (0, 0, 0, 1) ), ( (0.0006958672270452847, -0.014239201776955032, 0.999895749179483, 0), (0.05102099115866621, -0.998595646797626, -0.014256218387204325, 0), (0.9986686776716241, 0.051024262052696535, 0.00003160833247184587, 0), (-0.05396454959963791, 2.6851746239584084, -0.25858953097554116, 1) ), ( (-0.0002580176732703515, 0.004570839985388856, 0.9999870406532075, 0), (-0.07539969961519075, -0.997142118687069, 0.004538378776557189, 0), (0.9971257085278324, -0.07539567737152943, 0.0006019052793013058, 0), (0.012205219602781368, 1.41705612603454, -0.27669396953744585, 1) ), ( (-0.041860434790029655, 0.00785381176035449, 0.9990911912002379, 0), (0.8736088100637329, -0.48490511262710795, 0.04041476705420916, 0), (0.4847879178610811, 0.8745179784398114, 0.013437371838691481, 0), (-0.08427590951975797, 0.19584043434946544, -0.2711340050251024, 1) ), ( (-0.018353545373730722, 0.05015269068965911, 0.9985708050505818, 0), (0.9995762498427146, -0.02038033285341683, 0.019395694276646447, 0), (0.021324608738353897, 0.9985331649849265, -0.04975885486695682, 0), (0.279342367625524, -0.006038417899749642, -0.2543165408889939, 1) ), ( (-0.01835223340462806, 0.05015355917451621, 0.9985707710949278, 0), (0.9995763049704077, -0.02038028553482775, 0.019394307837004354, 0), (0.021324458566888613, 0.9985330841890506, -0.04975968343242648, 0), (0.44154529994423286, -0.009388392350454465, -0.2511693418906006, 1) ), ( (1, 0, 0, 0), (0, 1, 0, 0), (0, 0, 1, 0), (0, 0, 0, 1) ), ( (-0.0007226301821102851, 0.01424013264806447, 0.9999086895234769, 0), (0.04927197371301474, -0.9986832386050065, 0.014258351150568865, 0), (0.9988902843016361, 0.04928246354636082, 0.000020039992396520337, 0), (-0.05615967236407946, 2.685174073128851, 0.25134366827293436, 1) ), ( (0.00014210725523725254, -0.00457261956124767, 1.0000000714130939, 0), (-0.08672875797143195, -0.9962232384359603, -0.004543021582243678, 0), (0.9963349459689871, -0.08673595259734351, -0.0005381963612559708, 0), (0.0003958655771185162, 1.4170545442348876, 0.2694467223716928, 1) ), ( (0.041789039525182925, -0.00757684086930599, 0.9991054812869257, 0), (0.8742135703422413, -0.4840299568964909, -0.040235960541999724, 0), (0.4838752523240032, 0.8750667129232599, -0.013602615509189814, 0), (-0.08783973841892849, 0.19583900773559595, 0.2638860857897046, 1) ), ( (0.017991006384644917, -0.050547244019885355, 0.9985692802965642, 0), (0.9996925278659516, -0.02148764829708175, -0.019098882889133306, 0), (0.02241972713939769, 0.9984911241399177, 0.050139389680075586, 0), (0.2771408151112562, -0.006040934016414358, 0.24706843281616903, 1) ), ( (0.01799053497808027, -0.05054584132662864, 0.9985694396689405, -5.421010862427522e-20), (0.9996925441985887, -0.021487701939905762, -0.01909835520020975, -3.469446951953614e-18), (0.022419778522509662, 0.9984912627131111, 0.05013800707737231, -1.0842021724855044e-19), (0.4418258026966694, -0.009390747253740317, 0.2439211709439097, 1) ), ( (1, 0, 0, 0), (0, 1, 0, 0), (0, 0, 1, 0), (0, 0, 0, 1) )]
            uniform token[] joints = ["Hips", "Hips/Spine", "Hips/Spine/Spine1", "Hips/Spine/Spine1/Spine2", "Hips/Spine/Spine1/Spine2/Neck", "Hips/Spine/Spine1/Spine2/Neck/Head", "Hips/Spine/Spine1/Spine2/Neck/Head/HeadTop_End", "Hips/Spine/Spine1/Spine2/Neck/Head/HeadTop_End/HeadTop_End_end", "Hips/Spine/Spine1/Spine2/LeftShoulder", "Hips/Spine/Spine1/Spine2/LeftShoulder/LeftArm", "Hips/Spine/Spine1/Spine2/LeftShoulder/LeftArm/LeftForeArm", "Hips/Spine/Spine1/Spine2/LeftShoulder/LeftArm/LeftForeArm/LeftHand", "Hips/Spine/Spine1/Spine2/LeftShoulder/LeftArm/LeftForeArm/LeftHand/LeftHandThumb1", "Hips/Spine/Spine1/Spine2/LeftShoulder/LeftArm/LeftForeArm/LeftHand/LeftHandThumb1/LeftHandThumb2", "Hips/Spine/Spine1/Spine2/LeftShoulder/LeftArm/LeftForeArm/LeftHand/LeftHandThumb1/LeftHandThumb2/LeftHandThumb3", "Hips/Spine/Spine1/Spine2/LeftShoulder/LeftArm/LeftForeArm/LeftHand/LeftHandThumb1/LeftHandThumb2/LeftHandThumb3/LeftHandThumb4", "Hips/Spine/Spine1/Spine2/LeftShoulder/LeftArm/LeftForeArm/LeftHand/LeftHandThumb1/LeftHandThumb2/LeftHandThumb3/LeftHandThumb4/LeftHandThumb4_end", "Hips/Spine/Spine1/Spine2/LeftShoulder/LeftArm/LeftForeArm/LeftHand/LeftHandIndex1", "Hips/Spine/Spine1/Spine2/LeftShoulder/LeftArm/LeftForeArm/LeftHand/LeftHandIndex1/LeftHandIndex2", "Hips/Spine/Spine1/Spine2/LeftShoulder/LeftArm/LeftForeArm/LeftHand/LeftHandIndex1/LeftHandIndex2/LeftHandIndex3", "Hips/Spine/Spine1/Spine2/LeftShoulder/LeftArm/LeftForeArm/LeftHand/LeftHandIndex1/LeftHandIndex2/LeftHandIndex3/LeftHandIndex4", "Hips/Spine/Spine1/Spine2/LeftShoulder/LeftArm/LeftForeArm/LeftHand/LeftHandIndex1/LeftHandIndex2/LeftHandIndex3/LeftHandIndex4/LeftHandIndex4_end", "Hips/Spine/Spine1/Spine2/RightShoulder", "Hips/Spine/Spine1/Spine2/RightShoulder/RightArm", "Hips/Spine/Spine1/Spine2/RightShoulder/RightArm/RightForeArm", "Hips/Spine/Spine1/Spine2/RightShoulder/RightArm/RightForeArm/RightHand", "Hips/Spine/Spine1/Spine2/RightShoulder/RightArm/RightForeArm/RightHand/RightHandThumb1", "Hips/Spine/Spine1/Spine2/RightShoulder/RightArm/RightForeArm/RightHand/RightHandThumb1/RightHandThumb2", "Hips/Spine/Spine1/Spine2/RightShoulder/RightArm/RightForeArm/RightHand/RightHandThumb1/RightHandThumb2/RightHandThumb3", "Hips/Spine/Spine1/Spine2/RightShoulder/RightArm/RightForeArm/RightHand/RightHandThumb1/RightHandThumb2/RightHandThumb3/RightHandThumb4", "Hips/Spine/Spine1/Spine2/RightShoulder/RightArm/RightForeArm/RightHand/RightHandThumb1/RightHandThumb2/RightHandThumb3/RightHandThumb4/RightHandThumb4_end", "Hips/Spine/Spine1/Spine2/RightShoulder/RightArm/RightForeArm/RightHand/RightHandIndex1", "Hips/Spine/Spine1/Spine2/RightShoulder/RightArm/RightForeArm/RightHand/RightHandIndex1/RightHandIndex2", "Hips/Spine/Spine1/Spine2/RightShoulder/RightArm/RightForeArm/RightHand/RightHandIndex1/RightHandIndex2/RightHandIndex3", "Hips/Spine/Spine1/Spine2/RightShoulder/RightArm/RightForeArm/RightHand/RightHandIndex1/RightHandIndex2/RightHandIndex3/RightHandIndex4", "Hips/Spine/Spine1/Spine2/RightShoulder/RightArm/RightForeArm/RightHand/RightHandIndex1/RightHandIndex2/RightHandIndex3/RightHandIndex4/RightHandIndex4_end", "Hips/LeftUpLeg", "Hips/LeftUpLeg/LeftLeg", "Hips/LeftUpLeg/LeftLeg/LeftFoot", "Hips/LeftUpLeg/LeftLeg/LeftFoot/LeftToeBase", "Hips/LeftUpLeg/LeftLeg/LeftFoot/LeftToeBase/LeftToe_End", "Hips/LeftUpLeg/LeftLeg/LeftFoot/LeftToeBase/LeftToe_End/LeftToe_End_end", "Hips/RightUpLeg", "Hips/RightUpLeg/RightLeg", "Hips/RightUpLeg/RightLeg/RightFoot", "Hips/RightUpLeg/RightLeg/RightFoot/RightToeBase", "Hips/RightUpLeg/RightLeg/RightFoot/RightToeBase/RightToe_End", "Hips/RightUpLeg/RightLeg/RightFoot/RightToeBase/RightToe_End/RightToe_End_end"]
            uniform matrix4d[] restTransforms = [( (0.999909000961748, 0.00014443904443646043, 0.013458620590120884, 0), (-0.013458203745254272, -0.002577616419599972, 0.999905694643596, 0), (0.00017911679800291155, -0.9999970251338213, -0.0025754410390594128, 0), (0.004376382827758789, -0.0874160861968994, 1.6509457397460936, 1) ), ( (0.9996910762549112, -0.023560164718299186, -0.007878746625253081, 0), (0.02465082108762408, 0.9800980079150432, 0.19697744208762552, 0), (0.0030811258292929816, -0.19711099663155102, 0.9803769447328877, 0), (-1.530407462269068e-7, 0.2816729736328128, 0.0046160161495208745, 1) ), ( (0.9999740619554656, -0.006276796817879649, -0.003599177018272632, 0), (0.00626420866694051, 0.9999739661031188, -0.0034972502651322845, 0), (0.0036210335520219968, 0.0034746123148090002, 0.9999869902755858, 0), (5.960464521947984e-10, 0.3286624526977542, 2.793967720293722e-8, 1) ), ( (0.9999769219904451, -0.005336896607056797, -0.004232190888207921, 0), (0.0053220955447597085, 0.9999799473941193, -0.0035009921281960177, 0), (0.004250788934561619, 0.0034783859640276638, 0.9999849156984916, 0), (5.960464433130142e-10, 0.37561485290527347, 5.797483037639495e-8, 1) ), ( (0.9997149724764887, 0.008948186286965174, 0.02212299553419635, 0), (-0.011898655358074176, 0.9904917589144885, 0.13705915795384882, 0), (-0.020686191687522556, -0.13728317893183148, 0.9903148503925985, 0), (-1.507997512817383e-7, 0.42256656646728574, 1.516193140815858e-8, 1) ), ( (0.9928520971943295, -0.06373783754723951, 0.10091043760428606, 0), (0.0782409486042354, 0.9860423063820364, -0.14699654388056352, 0), (-0.09013208486765309, 0.15384007322100834, 0.9839741600362002, 0), (3.874301905959499e-9, 0.2796527671813965, 7.538124918937683e-8, 1) ), ( (0.9999999999999736, -2.1123186216137624e-7, 9.320916032062865e-8, 0), (2.2404504300996102e-7, 0.9853150386780398, -0.17074622852304314, 0), (-5.577333696271669e-8, 0.17074620816852284, 0.985314921219355, 0), (2.8610229527714638e-8, 0.7503874969482422, 1.5497207570547288e-8, 1) ), ( (1.0000000000000002, -7.806255641895632e-18, 1.3877787807814457e-17, 0), (3.2526065174565133e-18, 1.0000000000000002, -1.734723475976807e-18, 0), (0, 0, 1, 0), (-7.105427357601002e-17, 0.07619445800781308, -7.105427357601002e-17, 1) ), ( (0.273078410296972, 0.013361583883111983, -0.9618996007895337, 0), (0.8911128436704613, -0.3802132934015659, 0.24770093129877196, 0), (-0.3624167119157952, -0.9248012665803022, -0.11573452069453583, 0), (0.16098960876464843, 0.3775132751464855, 0.0013544023036955366, 1) ), ( (0.9191277665041939, 0.3515815540867102, -0.17774523221297692, 0), (-0.14932708487621926, 0.7284252406642064, 0.668654830670439, 0), (0.36456020963997593, -0.5880360623068643, 0.7220153080901902, 0), (-9.5367431640625e-9, 0.3369330978393555, 9.5367431640625e-9, 1) ), ( (0.46736354660798457, 0.8837019905449711, -0.02532336359982898, 0), (-0.8838465196039695, 0.4664195003760028, -0.03561150731083612, 0), (-0.019658662188040743, 0.039025512726337086, 0.9990450556379519, 0), (-3.8146972798358545e-8, 0.710462417602539, -5.7220458984375e-8, 1) ), ( (0.909440299249863, -0.013203656833519772, -0.4156245506800301, 0), (-0.2677589503453228, 0.7461250241288968, -0.6095943040126881, 0), (0.31815623988546654, 0.6656757484009035, 0.6750196816004594, 0), (7.629394502828291e-8, 0.5654917907714843, -2.842170943040401e-16, 1) ), ( (0.7011784375543013, 0.4375641695643838, -0.5629338348957691, 0), (-0.3806225890186361, 0.8973394430792085, 0.2233996753555332, 0), (0.6028906181958301, 0.05762193430669716, 0.7957368481843748, 0), (-0.10861063003540032, 0.12228803634643555, 0.0000010085105893153922, 1) ), ( (0.7611711464272581, -0.28884108252770474, 0.5806835351641968, 0), (0.05272214649989765, 0.9199447696554656, 0.3884857289362676, 0), (-0.646404722474828, -0.26508813921752583, 0.7154607516947026, 0), (7.62939453125e-8, 0.1308455371856691, -3.576278658101728e-8, 1) ), ( (0.7270717792039938, -0.3160755148820261, 0.609484406236023, 0), (0.4415288706409463, 0.8950646331441282, -0.0625367382383214, 0), (-0.5257579068875082, 0.3145714465980768, 0.7903271417831877, 0), (6.675720200632895e-8, 0.11738663673400865, 2.842170943040401e-16, 1) ), ( (0.8688846578639747, 0.3328189224680191, -0.36642993459397405, 0), (-0.3066585441732389, 0.9429908607595218, 0.12934068280382266, 0), (0.38858712927447064, -0.00001326464259981952, 0.9214121125776826, 0), (-9.5367431640625e-8, 0.09322851181030295, 1.9073486328125e-8, 1) ), ( (0.9999999999999999, 0, -6.938893903907228e-18, 0), (0, 0.9999999999999999, -5.551115123125783e-17, 0), (-6.938893903907228e-18, 5.551115123125783e-17, 1, 0), (0, 0.07619419574737563, 0, 1) ), ( (0.9956650577673161, -0.09300997826394938, -0.00048650236063330814, 0), (0.08356475263046434, 0.8922333674598731, 0.44377614330300547, 0), (-0.04084150172234572, -0.441892685062797, 0.8961371953841479, 0), (2.3365020751953125e-7, 0.25740905761718735, -0.0009330010414126378, 1) ), ( (0.9973737589847171, -0.06893880817475193, -0.02220149559949279, 0), (0.07232365602555349, 0.9317624004682951, 0.3557925747837515, 0), (-0.0038414002057948066, -0.3564641472716293, 0.934301998437935, 0), (-1.9073486470233548e-8, 0.18493638992309586, -1.1444091740031582e-7, 1) ), ( (0.9994568002099573, -0.03024779291913135, -0.013101617259332607, 0), (0.03200043032697568, 0.9856945338017825, 0.16547297307441483, 0), (0.007908997936153905, -0.16580229616751846, 0.9861267532391086, 0), (7.629394517039146e-8, 0.15033213615417487, 1.9073486328125e-8, 1) ), ( (0.9998792441312736, -0.009514176820302062, 0.01228244216834451, 0), (0.009513606952623682, 0.9999547391181424, 0.00010487096133265927, 0), (-0.012282884015049955, 0.000011992029659180226, 0.9999245028536794, 0), (3.814697272730427e-8, 0.07619422912597713, -1.811981201171875e-7, 1) ), ( (1, 9.71445146547012e-17, 0, 0), (-1.3877787807814457e-17, 1, -5.551115123125783e-17, 0), (-8.326672684688674e-17, 1.1102230246251565e-16, 0.9999999999999999, 0), (2.1316282072803005e-16, 0.07619417667388888, 2.842170943040401e-16, 1) ), ( (-0.07337041129022626, -0.054982998943743755, 0.995787297203826, 0), (-0.91553840656582, -0.39223603443119004, -0.08911515858631903, 0), (0.3954832906815294, -0.9182194933570975, -0.02156051779124865, 0), (-0.1609897041320801, 0.3774929809570318, 0.00012273445725423217, 1) ), ( (0.774294790845934, -0.6232325360797033, 0.10976694785094707, 0), (0.3432251774141325, 0.5593151204254339, 0.7545615108475383, 0), (-0.5316615976896285, -0.5465782670717377, 0.6469838819529956, 0), (-5.960464477539063e-8, 0.3369309234619142, -5.197525030098405e-7, 1) ), ( (0.5722333438349292, -0.8198594198055092, 0.019475459971587755, 0), (0.8199772913237227, 0.5715981699308457, -0.030202281350268145, 0), (0.01362948758631205, 0.033252187363292274, 0.9993536384277782, 0), (1.907348622154359e-8, 0.7100301361083985, 9.5367431640625e-8, 1) ), ( (0.7558943419656108, -0.09012130476372243, 0.6484633800277823, 0), (0.43938055339893406, 0.8041191640406614, -0.4004189196065173, 0), (-0.4853552084193636, 0.587596174241241, 0.6474262120500036, 0), (-1.33514404296875e-7, 0.5654912567138672, 0, 1) ), ( (0.8414629621012358, -0.463340766057072, 0.27793700838532476, 0), (0.44652592728563695, 0.8859814541616868, 0.1251229422698859, 0), (-0.30422271902777553, 0.018819828315409647, 0.9524177636442656, 0), (0.10555522918701173, 0.129435691833496, 1.335144040126579e-7, 1) ), ( (0.6721012866269789, 0.34311800041275875, -0.6561644654022737, 0), (0.036517147131901684, 0.8697224358600479, 0.4921946580568249, 0), (0.7395592473524677, -0.3547646908302652, 0.5720099001667793, 0), (-3.814697272730427e-8, 0.13361311912536622, -5.006790189554522e-8, 1) ), ( (0.7196253246063193, 0.4468654766062017, -0.5314593947636993, 0), (-0.5764788216141762, 0.811147949389635, -0.09854891012683059, 0), (0.38705416176438434, 0.3772934445342261, 0.841331240199285, 0), (-1.049041748046875e-7, 0.11684789657592752, -5.7220458984375e-8, 1) ), ( (0.913047237138749, -0.2633651193873103, 0.3114218307110229, 0), (0.24926471723435664, 0.964696343815828, 0.08501942947964103, 0), (-0.32281865366650203, -2.806167102020751e-7, 0.9464609634123649, 0), (-3.814697265625e-8, 0.09367433547973633, -1.9073486328125e-8, 1) ), ( (1, 0, -1.1102230246251565e-16, 0), (0, 0.9999999999999999, 0, 0), (-5.551115123125783e-17, 0, 0.9999999999999999, 0), (2.842170943040401e-16, 0.07619403362274163, -2.842170943040401e-16, 1) ), ( (0.9986548319686898, -0.01413909249076431, 0.04988599652332954, 0), (0.00210842141902004, 0.9723806772389254, 0.23339205198271756, 0), (-0.05180810927765532, -0.2329728225481958, 0.971102067827664, 0), (1.0490417476916037e-7, 0.2913756942749023, -0.0003609180450442295, 1) ), ( (0.99910880590824, 0.037549983783055324, 0.019248890648160287, 0), (-0.04218754336270071, 0.8981849501601162, 0.4375896728063342, 0), (-0.000857579127755026, -0.438011941637081, 0.8989690096875246, 0), (3.814697265625e-8, 0.1520594406127929, -1.33514404296875e-7, 1) ), ( (0.9998964464475617, 0.012774653593279256, 0.006644021801860425, 0), (-0.013670760964560255, 0.9871139651430632, 0.1594375181926776, 0), (-0.004521641172383364, -0.15951160852181234, 0.9871849730404783, 0), (1.9073486505760684e-8, 0.1492871856689453, 9.5367431640625e-9, 1) ), ( (0.9999543043488468, 0.0061974286915642, -0.007278811154793466, 0), (-0.006197156127731973, 0.9999807956435555, 0.000060000084887545935, 0), (0.007279043216157188, -0.00001488941399402366, 0.9999735073031497, 0), (-1.9073486292597864e-8, 0.08051053047180197, 1.7642974881937334e-7, 1) ), ( (1, -4.163336342344337e-17, 1.3877787807814457e-17, 0), (6.938893903907228e-17, 1, -5.551115123125783e-17, 0), (2.7755575615628914e-17, 5.551115123125783e-17, 1, 0), (-1.2434497875801754e-16, 0.07619398593902617, 2.842170943040401e-16, 1) ), ( (-0.972393782241142, -0.1064640390870096, 0.20763153196262576, 0), (0.2147198969182476, -0.05997942162516224, 0.9748357548837002, 0), (-0.09132824065469942, 0.9924732461834016, 0.08118081564731991, 0), (0.25496734619140626, -0.1564343357086179, 0.03748862743377684, 1) ), ( (0.9956657321230856, 0.0918282037983224, 0.014766384758601855, 0), (0.014251537401418811, 0.006264822229019099, -0.9999099328946272, 0), (-0.09190663494206622, 0.9957235863356261, 0.004928664322847512, 0), (-1.907348654128782e-8, 1.2699726104736329, -1.239776614170296e-7, 1) ), ( (0.9805366149220894, -0.10663604691679458, -0.16484019399478908, 0), (0.19491527079026316, 0.4283017384327049, 0.8823646224770298, 0), (-0.023490564431901312, -0.8973218677620954, 0.4407511086875783, 0), (-4.2915344167226976e-8, 1.2250345611572264, -7.629394559671709e-8, 1) ), ( (0.9988318898076232, -0.00006235001303681043, 0.04830796956267367, 0), (-0.022602506350096918, 0.8831865390281312, 0.4684769620655909, 0), (-0.04269421397520232, -0.46902222556953826, 0.8821546273340197, 0), (5.628680803226871e-8, 0.4162490081787108, 3.010034546946372e-8, 1) ), ( (0.9999999403940109, 0.0000013790850448003322, 8.869684484805532e-7, 0), (-0.0000013790850517947373, 0.9999998807897542, 1.0058222528128158e-7, 0), (-8.869683097668599e-7, -1.0058345448551997e-7, 0.9999999403949568, 0), (1.516751943597683e-7, 0.16227251052856417, 8.940696716308593e-10, 1) ), ( (0.9999999999999999, 0, -8.673617379884035e-18, 0), (0, 0.9999999999999999, 0, 0), (6.7220534694101275e-18, 0, 1, 0), (7.105427357601002e-17, 0.07619421005249023, 0, 1) ), ( (-0.9824846308959629, 0.12226157917805261, -0.14069855568209647, 0), (-0.14789729780095837, -0.05192258855980336, 0.9876340499338415, 0), (0.11345626752309036, 0.991249072007455, 0.06910261256783273, 0), (-0.25496749877929686, -0.1564344310760495, 0.03529240369796753, 1) ), ( (0.9959531658128531, -0.08878343761388141, 0.014109721891148948, 0), (0.015172276075568298, 0.011322269578981727, -0.9997111554753106, 0), (0.08861721579402529, 0.9960951228920593, 0.01262622938799414, 0), (-8.583068840550822e-8, 1.2695089721679684, -8.583068819234541e-8, 1) ), ( (0.9904894050801818, 0.1314435093064176, 0.040607038137145945, 0), (-0.09558070757938796, 0.4451995560187948, 0.8903157644883677, 0), (0.09894822313842515, -0.8857316402942431, 0.453529961276301, 0), (3.576278693628865e-8, 1.2244095611572268, -2.384186075232719e-9, 1) ), ( (0.9988005969364937, 0.0001175891342906632, -0.048972516850201604, 0), (0.022879950778627534, 0.883029890649656, 0.4687597185618321, 0), (0.0432992862785026, -0.4693176398122174, 0.881967460627702, 0), (-3.4458935260772705e-8, 0.41739936828613267, -8.940699558479537e-10, 1) ), ( (0.9999999999988599, -5.42233443368012e-7, 0.0000014093821349982997, 0), (5.422334013460706e-7, 0.9999999999998526, 2.980270568438831e-8, 0), (-0.0000014093821511572489, -2.9801941471042925e-8, 0.9999999999990064, 0), (-1.3527460609452647e-8, 0.16473186492919922, -8.270144453703666e-9, 1) ), ( (1, 0, -6.938893903907228e-18, 0), (0, 1, 0, 0), (2.6020852139652106e-18, -1.734723475976807e-18, 1.0000000000000002, 0), (-1.0658141036401502e-16, 0.07619421005248996, 0, 1) )]
            rel skel:animationSource = </Animated_Woman_AssetRoot/Armature/Hips/Animation>

            def SkelAnimation "Animation"
            {
                uniform token[] joints = ["Hips", "Hips/Spine", "Hips/Spine/Spine1", "Hips/Spine/Spine1/Spine2", "Hips/Spine/Spine1/Spine2/Neck", "Hips/Spine/Spine1/Spine2/Neck/Head", "Hips/Spine/Spine1/Spine2/Neck/Head/HeadTop_End", "Hips/Spine/Spine1/Spine2/Neck/Head/HeadTop_End/HeadTop_End_end", "Hips/Spine/Spine1/Spine2/LeftShoulder", "Hips/Spine/Spine1/Spine2/LeftShoulder/LeftArm", "Hips/Spine/Spine1/Spine2/LeftShoulder/LeftArm/LeftForeArm", "Hips/Spine/Spine1/Spine2/LeftShoulder/LeftArm/LeftForeArm/LeftHand", "Hips/Spine/Spine1/Spine2/LeftShoulder/LeftArm/LeftForeArm/LeftHand/LeftHandThumb1", "Hips/Spine/Spine1/Spine2/LeftShoulder/LeftArm/LeftForeArm/LeftHand/LeftHandThumb1/LeftHandThumb2", "Hips/Spine/Spine1/Spine2/LeftShoulder/LeftArm/LeftForeArm/LeftHand/LeftHandThumb1/LeftHandThumb2/LeftHandThumb3", "Hips/Spine/Spine1/Spine2/LeftShoulder/LeftArm/LeftForeArm/LeftHand/LeftHandThumb1/LeftHandThumb2/LeftHandThumb3/LeftHandThumb4", "Hips/Spine/Spine1/Spine2/LeftShoulder/LeftArm/LeftForeArm/LeftHand/LeftHandThumb1/LeftHandThumb2/LeftHandThumb3/LeftHandThumb4/LeftHandThumb4_end", "Hips/Spine/Spine1/Spine2/LeftShoulder/LeftArm/LeftForeArm/LeftHand/LeftHandIndex1", "Hips/Spine/Spine1/Spine2/LeftShoulder/LeftArm/LeftForeArm/LeftHand/LeftHandIndex1/LeftHandIndex2", "Hips/Spine/Spine1/Spine2/LeftShoulder/LeftArm/LeftForeArm/LeftHand/LeftHandIndex1/LeftHandIndex2/LeftHandIndex3", "Hips/Spine/Spine1/Spine2/LeftShoulder/LeftArm/LeftForeArm/LeftHand/LeftHandIndex1/LeftHandIndex2/LeftHandIndex3/LeftHandIndex4", "Hips/Spine/Spine1/Spine2/LeftShoulder/LeftArm/LeftForeArm/LeftHand/LeftHandIndex1/LeftHandIndex2/LeftHandIndex3/LeftHandIndex4/LeftHandIndex4_end", "Hips/Spine/Spine1/Spine2/RightShoulder", "Hips/Spine/Spine1/Spine2/RightShoulder/RightArm", "Hips/Spine/Spine1/Spine2/RightShoulder/RightArm/RightForeArm", "Hips/Spine/Spine1/Spine2/RightShoulder/RightArm/RightForeArm/RightHand", "Hips/Spine/Spine1/Spine2/RightShoulder/RightArm/RightForeArm/RightHand/RightHandThumb1", "Hips/Spine/Spine1/Spine2/RightShoulder/RightArm/RightForeArm/RightHand/RightHandThumb1/RightHandThumb2", "Hips/Spine/Spine1/Spine2/RightShoulder/RightArm/RightForeArm/RightHand/RightHandThumb1/RightHandThumb2/RightHandThumb3", "Hips/Spine/Spine1/Spine2/RightShoulder/RightArm/RightForeArm/RightHand/RightHandThumb1/RightHandThumb2/RightHandThumb3/RightHandThumb4", "Hips/Spine/Spine1/Spine2/RightShoulder/RightArm/RightForeArm/RightHand/RightHandThumb1/RightHandThumb2/RightHandThumb3/RightHandThumb4/RightHandThumb4_end", "Hips/Spine/Spine1/Spine2/RightShoulder/RightArm/RightForeArm/RightHand/RightHandIndex1", "Hips/Spine/Spine1/Spine2/RightShoulder/RightArm/RightForeArm/RightHand/RightHandIndex1/RightHandIndex2", "Hips/Spine/Spine1/Spine2/RightShoulder/RightArm/RightForeArm/RightHand/RightHandIndex1/RightHandIndex2/RightHandIndex3", "Hips/Spine/Spine1/Spine2/RightShoulder/RightArm/RightForeArm/RightHand/RightHandIndex1/RightHandIndex2/RightHandIndex3/RightHandIndex4", "Hips/Spine/Spine1/Spine2/RightShoulder/RightArm/RightForeArm/RightHand/RightHandIndex1/RightHandIndex2/RightHandIndex3/RightHandIndex4/RightHandIndex4_end", "Hips/LeftUpLeg", "Hips/LeftUpLeg/LeftLeg", "Hips/LeftUpLeg/LeftLeg/LeftFoot", "Hips/LeftUpLeg/LeftLeg/LeftFoot/LeftToeBase", "Hips/LeftUpLeg/LeftLeg/LeftFoot/LeftToeBase/LeftToe_End", "Hips/LeftUpLeg/LeftLeg/LeftFoot/LeftToeBase/LeftToe_End/LeftToe_End_end", "Hips/RightUpLeg", "Hips/RightUpLeg/RightLeg", "Hips/RightUpLeg/RightLeg/RightFoot", "Hips/RightUpLeg/RightLeg/RightFoot/RightToeBase", "Hips/RightUpLeg/RightLeg/RightFoot/RightToeBase/RightToe_End", "Hips/RightUpLeg/RightLeg/RightFoot/RightToeBase/RightToe_End/RightToe_End_end"]
                quatf[] rotations = [(0.7061792, 0.70800114, -0.0047011822, 0.0048155794), (0.9950083, 0.099016346, 0.002753714, -0.0121132145), (0.99999195, -0.0017429803, 0.0018050674, -0.0031352767), (0.99999267, -0.001744857, 0.0021207603, -0.002664767), (0.99756235, 0.068753205, -0.010728455, 0.0052244454), (0.9953474, -0.07556062, -0.04798392, -0.035660516), (0.996322, -0.08568828, -3.738312e-8, -1.0922094e-7), (1, -1.3010426e-18, -3.469447e-18, -2.7647155e-18), (0.44077498, 0.66502374, 0.34001586, -0.49784547), (0.9178194, 0.3423036, 0.14771593, 0.1364399), (0.8562751, -0.02179119, 0.0016538834, 0.51605755), (0.9124944, -0.34939104, 0.20103711, 0.0697415), (0.9211751, 0.04499082, 0.31639582, 0.2220493), (0.92149025, 0.1773146, -0.33290875, -0.092665836), (0.9236427, -0.10207118, -0.30727288, -0.20505852), (0.96608585, 0.033473715, 0.19538042, 0.16548152), (1, -2.7755576e-17, 3.85186e-34, 0), (0.9726299, 0.22764796, -0.0103726555, -0.04538589), (0.9827814, 0.18118383, 0.0046704435, -0.03593435), (0.9964034, 0.083117805, 0.005271614, -0.01561823), (0.99996984, 0.000023220433, -0.0061415173, -0.0047570895), (1, -4.1633363e-17, -2.0816682e-17, 2.4286129e-17), (0.35806188, 0.5788838, -0.4191346, 0.6008423), (0.8632198, 0.37682748, -0.18576628, -0.2798991), (0.8864516, -0.017895645, -0.0016486994, -0.46247223), (0.89546627, -0.2758383, -0.31654397, -0.14782861), (0.9591481, 0.027707633, -0.15173876, -0.23715504), (0.8823024, 0.23998508, 0.3954774, 0.08687516), (0.9181646, -0.12956348, 0.25009516, 0.2786386), (0.9777787, 0.021737972, -0.1621636, -0.13107), (1, 0, 1.3877788e-17, 0), (0.99274087, 0.117443755, -0.025609432, -0.00409158), (0.9742, 0.22469753, -0.0051597413, 0.02046231), (0.9967692, 0.07999574, -0.0028004642, 0.00663278), (0.99998856, 0.000018722589, 0.0036395052, 0.0030986816), (1, -2.7755576e-17, 3.469447e-18, -2.7755576e-17), (-0.110462785, 0.03999867, 0.67661536, 0.7269042), (0.70831823, -0.70435643, -0.037651133, 0.02738073), (0.84403664, 0.52713525, 0.041867256, -0.089318216), (0.9700738, 0.24160503, -0.023452384, 0.0058088764), (1, 5.0291426e-8, -4.4348423e-7, 6.8954256e-7), (1, 0, 3.8489177e-18, 0), (0.09313607, -0.009395535, 0.6821761, 0.7251711), (0.7106158, -0.70214003, 0.026208911, -0.036572922), (0.8498854, 0.52243716, 0.01716145, 0.06678091), (0.97002536, 0.24176611, 0.023780761, -0.0058664316), (1, 1.4901161e-8, -7.0469105e-7, -2.711167e-7), (1, 4.3368087e-19, 2.8189256e-18, 1.6940659e-21)]
                quatf[] rotations.timeSamples = {
                    0: [(0.7061792, 0.70800114, -0.0047011822, 0.0048155794), (0.9950083, 0.099016346, 0.002753714, -0.0121132145), (0.99999195, -0.0017429803, 0.0018050674, -0.0031352767), (0.99999267, -0.001744857, 0.0021207603, -0.002664767), (0.99756235, 0.068753205, -0.010728455, 0.0052244454), (0.9953474, -0.07556062, -0.04798392, -0.035660516), (0.996322, -0.08568828, -3.738312e-8, -1.0922094e-7), (1, -1.3010426e-18, -3.469447e-18, -2.7647155e-18), (0.44077498, 0.66502374, 0.34001586, -0.49784547), (0.9178194, 0.3423036, 0.14771593, 0.1364399), (0.8562751, -0.02179119, 0.0016538834, 0.51605755), (0.9124944, -0.34939104, 0.20103711, 0.0697415), (0.9211751, 0.04499082, 0.31639582, 0.2220493), (0.92149025, 0.1773146, -0.33290875, -0.092665836), (0.9236427, -0.10207118, -0.30727288, -0.20505852), (0.96608585, 0.033473715, 0.19538042, 0.16548152), (1, -2.7755576e-17, 3.85186e-34, 0), (0.9726299, 0.22764796, -0.0103726555, -0.04538589), (0.9827814, 0.18118383, 0.0046704435, -0.03593435), (0.9964034, 0.083117805, 0.005271614, -0.01561823), (0.99996984, 0.000023220433, -0.0061415173, -0.0047570895), (1, -4.1633363e-17, -2.0816682e-17, 2.4286129e-17), (0.35806188, 0.5788838, -0.4191346, 0.6008423), (0.8632198, 0.37682748, -0.18576628, -0.2798991), (0.8864516, -0.017895645, -0.0016486994, -0.46247223), (0.89546627, -0.2758383, -0.31654397, -0.14782861), (0.9591481, 0.027707633, -0.15173876, -0.23715504), (0.8823024, 0.23998508, 0.3954774, 0.08687516), (0.9181646, -0.12956348, 0.25009516, 0.2786386), (0.9777787, 0.021737972, -0.1621636, -0.13107), (1, 0, 1.3877788e-17, 0), (0.99274087, 0.117443755, -0.025609432, -0.00409158), (0.9742, 0.22469753, -0.0051597413, 0.02046231), (0.9967692, 0.07999574, -0.0028004642, 0.00663278), (0.99998856, 0.000018722589, 0.0036395052, 0.0030986816), (1, -2.7755576e-17, 3.469447e-18, -2.7755576e-17), (-0.110462785, 0.03999867, 0.67661536, 0.7269042), (0.70831823, -0.70435643, -0.037651133, 0.02738073), (0.84403664, 0.52713525, 0.041867256, -0.089318216), (0.9700738, 0.24160503, -0.023452384, 0.0058088764), (1, 5.0291426e-8, -4.4348423e-7, 6.8954256e-7), (1, 0, 3.8489177e-18, 0), (0.09313607, -0.009395535, 0.6821761, 0.7251711), (0.7106158, -0.70214003, 0.026208911, -0.036572922), (0.8498854, 0.52243716, 0.01716145, 0.06678091), (0.97002536, 0.24176611, 0.023780761, -0.0058664316), (1, 1.4901161e-8, -7.0469105e-7, -2.711167e-7), (1, 4.3368087e-19, 2.8189256e-18, 1.6940659e-21)],
