#usda 1.0
(
    defaultPrim = "Animated_Woman_AssetRoot"
    endTimeCode = 24
    framesPerSecond = 24
    metersPerUnit = 0.01
    startTimeCode = 0
    timeCodesPerSecond = 24
    upAxis = "Y"
)

def SkelRoot "Animated_Woman_AssetRoot" (
    kind = "assembly"
)
{
    def Xform "Armature"
    {
        float3 xformOp:rotateXYZ.timeSamples = {
            0: (-90.00001, 0, 0),
        }
        float3 xformOp:scale.timeSamples = {
            0: (1, 1, 1),
        }
        double3 xformOp:translate.timeSamples = {
            0: (0, 0, 0),
        }
        uniform token[] xformOpOrder = ["xformOp:translate", "xformOp:rotateXYZ", "xformOp:scale"]

        def Xform "ArmatureShape"
        {
        }

        def Skeleton "Hips" (
            prepend apiSchemas = ["SkelBindingAPI"]
            customData = {
                dictionary Maya = {
                    bool generated = 1
                }
            }
        )
        {
            uniform matrix4d[] bindTransforms = [( (4.371139999999929e-8, 5.210792282599915e-15, -0.9999999999999981, 0), (-1.1920899999767753e-7, 0.9999999999999858, -5.2108924813998314e-15, 0), (0.9999999999999838, 1.1920899999999807e-7, 4.371139999999929e-8, 0), (-9.145275858700018, 284.1609179098008, -0.3623503997528112, 1) ), ( (7.870031215563148e-10, -1.289748271219305e-11, -0.9999999999999999, 0), (0.016385891550208483, 0.9998654843945565, 1.289921923615378e-11, 0), (0.9998654843945564, -0.016385891550208486, 7.871091073027598e-10, 0), (-8.683586220028268, 312.32806133566174, -0.36233500683584946, 1) ), ( (1.0727737524013887e-7, 4.3853777530901e-15, -0.9999999999999885, 0), (0.01638579160395886, 0.9998654876712837, 1.7578349513838742e-9, 0), (0.9998654876712723, -0.01638579160395905, 1.0726356978640243e-7, 0), (-8.145034546601968, 345.18997236400736, -0.36233487378301615, 1) ), ( (1.0172063050327367e-7, -3.73573809819308e-15, -0.9999999999999897, 1.5407439555097887e-33), (0.016385691657708465, 0.9998654909479913, 1.6667525554181495e-9, -4.336808689942018e-19), (0.9998654909479808, -0.016385691657708635, 1.0170631773922869e-7, 6.776263578034403e-21), (-7.529552039663534, 382.7463509924932, -0.3623357659060335, 0.9999999999999999) ), ( (6.379594306099813e-8, -2.1251003257716453e-15, -0.9999999999999959, 0), (0.17074602633911057, 0.98531515199373, 1.0892913496337794e-8, 0), (0.985315151993726, -0.17074602633911123, 6.285916543657673e-8, 0), (-6.837406161601879, 424.99759950514857, -0.36232043619916343, 1) ), ( (2.4277819678210753e-7, -6.07700093719609e-15, -0.999999999999941, 0), (0.17074602633910116, 0.9853151519937299, 4.145337878264533e-8, 0), (0.9853151519936718, -0.17074602633911126, 2.3921284197074176e-7, 0), (-2.062328031281406, 452.5522774717207, -0.3623195006878748, 1) ), ( (4.371529999999954e-8, 4.071306434189957e-15, -0.9999999999999981, 0), (-9.313230000043693e-8, 0.9999999999999913, -4.071287577900318e-15, 0), (0.9999999999999895, 9.313229999999901e-8, 4.371529999999954e-8, 0), (10.750318982693996, 526.4891370012019, -0.36230453004658053, 1) ), ( (1, 0, 0, 0), (0, 1, 0, 0), (0, 0, 1, 0), (0, 0, 0, 1) ), ( (-0.9998299802052852, 0.01643872073239509, -0.008292153415478405, -6.776263578034403e-21), (0.0036574885821727843, -0.2640656884469849, -0.9644974408689484, 1.0842021724855044e-19), (-0.018044748073126525, -0.9643641139154313, 0.26396091624867, 4.336808689942018e-19), (-6.775743786056372, 420.4904535227931, -16.461078454628726, 0.9999999999999999) ), ( (-0.994165588224983, 0.0453813367369479, 0.09784632910499666, -1.3552527156068805e-20), (-0.09940398275564144, -0.033435073470376955, -0.9944855291665222, 1.3552527156068805e-20), (-0.04185960088705051, -0.9984100984365301, 0.03775115084572574, 4.336808689942018e-19), (-6.652495741112158, 411.59352843157257, -48.958257888065624, 0.9999999999999999) ), ( (-0.9991227340658465, 0.04184918034898866, -0.001068991874865241, 0), (-0.0037672753754908945, -0.11531442184197949, -0.9933217275228402, 0), (-0.04169297077077536, -0.9924471157926131, 0.11537155994680501, 0), (-13.714771346125781, 409.21793506587414, -119.61270128032676, 1) ), ( (-0.9900302104929796, -0.08418249431141701, 0.11293246785689744, 0), (-0.10515850681456879, -0.0916758156049573, -0.9902205310839566, 0), (0.093712442710654, -0.9922233633328925, 0.08190935386534576, 0), (-13.927754567116846, 402.6967487877791, -175.7841314205061, 1) ), ( (-0.8056581227502346, 0.145701914510574, -0.574182843785469, 0), (0.5788106451775722, -0.012657829963081508, -0.8153632168032727, 0), (-0.1260678347829405, -0.9892471067957073, -0.07413615923633027, 0), (-4.460755960483318, 402.48960213095773, -189.1197305818949, 1) ), ( (-0.9408146681320319, -0.14293092167875573, -0.30730794003051115, 0), (0.331542753056603, -0.1999618455271227, -0.9220054429885026, 0), (0.07033324221552166, -0.9693218564691415, 0.235514770171928, 0), (3.1126287957843193, 402.32397910564566, -199.7886209212089, 1) ), ( (-0.8975573481677409, -0.4371265281882352, 0.0575477861846391, 0), (0.023862672270230558, -0.17849567538758174, -0.9836517132648117, 0), (0.44025171091456383, -0.8815101855462594, 0.170640468032644, 0), (7.00451314428797, 399.97706742531466, -210.6115893291177, 1) ), ( (-0.9332536788913767, -0.11620714415384159, -0.33990321007140445, 5.421010862427522e-20), (0.3546880061448889, -0.14828619401933874, -0.9231508755448783, 5.421010862427522e-20), (0.05687372551276064, -0.9820924981040134, 0.17960549913126006, 4.336808689942018e-19), (7.2269694319634485, 398.3125747828395, -219.78194155708425, 0.9999999999999999) ), ( (1, 0, 0, 0), (0, 1, 0, 0), (0, 0, 1, 0), (0, 0, 0, 1) ), ( (-0.9897661977468091, -0.0901628285897007, 0.110601659153835, 0), (-0.0705369105626589, -0.36463222960010855, -0.928475942762463, 0), (0.12404289611530789, -0.9267759859720394, 0.3545418043666235, 0), (-16.64369758259147, 400.4297547294406, -201.28119583244546, 1) ), ( (-0.9913591123613396, -0.08359474842863351, 0.10108989266996776, 0), (-0.06929965379678986, -0.3205668989275561, -0.9446869226169905, 0), (0.11137658915470952, -0.9435299210760894, 0.3120037666080991, 0), (-17.948069837559558, 393.68634109936215, -218.45180000327224, 1) ), ( (-0.9929760996690974, -0.07565505949234698, 0.09096634503602366, 0), (-0.0691018213843412, -0.25325056058181566, -0.9649290436002176, 0), (0.09603905299031285, -0.9644376919575969, 0.24624411977451977, 0), (-18.989841129986694, 388.8673046389634, -232.65345834757545, 1) ), ( (-0.9910193247500303, -0.08508240472485638, 0.10316051421820142, 0), (-0.0785349733326177, -0.25406041948895125, -0.9639939835990342, 0), (0.10822748513215706, -0.9634384476914651, 0.24509717023749428, 0), (-19.516253632484354, 386.93756460997577, -240.00582867841263, 1) ), ( (1, 0, 0, 0), (0, 1, 0, 0), (0, 0, 1, 0), (0, 0, 0, 1) ), ( (0.999865096784571, -0.01641302164977419, -0.0007057494665271447, 0), (-0.003653861433573195, -0.26406250635560313, 0.96449816085817, 0), (-0.016016674397263616, -0.9643656821786362, -0.2640871768443691, 0), (-6.898783770362718, 420.4904321866043, 15.736706554839648, 1) ), ( (0.9949116801754571, -0.04162474852429729, 0.09174863290449689, 0), (-0.09316462597681685, -0.03345569195230199, 0.9950889482070646, 0), (-0.03835083857432033, -0.9985730583286123, -0.037163448059835597, 0), (-7.021875082992484, 411.5934984107241, 48.233693323025406, 1) ), ( (0.9992635333076276, -0.0383118799605319, -0.0022634101617272865, 0), (-0.0021717316890216254, -0.11532770279924379, 0.993325216094136, 0), (-0.03831719179791134, -0.9925877536197854, -0.11532617727773475, 0), (-13.636866134978126, 409.21769157943965, 118.88793732482549, 1) ), ( (0.9969694162431892, 0.00962846624327651, 0.07719254571707003, 0), (-0.07698850969335014, -0.020017927434864653, 0.9968310087167056, 0), (0.011143227214928064, -0.999752512463167, -0.019216041080234447, 0), (-13.759683777298763, 402.69602139526756, 175.05963352042812, 1) ), ( (0.8005274652446241, -0.21736862162702278, -0.5584851713171094, 0), (0.5704192336261058, -0.009420417510761487, 0.8212995043566641, 0), (-0.1837864716402876, -0.976044165877208, 0.11644970101901692, 0), (-4.232183904207285, 402.5389859460287, 188.77683853745742, 1) ), ( (0.952396246726136, 0.074044589631426, -0.2957332363645728, 0), (0.30465626373442256, -0.1955851490348498, 0.9321641718853219, 0), (0.011180737004867988, -0.9778869195746905, -0.20883245236487946, 0), (3.3890905370971027, 402.41274784761424, 199.75063441774282, 1) ), ( (0.959208746625996, 0.2799792668377055, -0.03911549661057678, 0), (0.09934947718713799, -0.20431636593787153, 0.9738497742398315, 0), (0.26466571631347197, -0.9380120747144854, -0.22379735877485368, 0), (6.949024140552592, 400.12764839315247, 210.64254237582904, 1) ), ( (0.9320601299172581, 0.017326617443997817, -0.36188790973833196, 0), (0.3574403341100013, -0.20706342608512363, 0.9106919546724275, 0), (-0.059154702839299494, -0.9781740338337606, -0.19918931188026234, 0), (7.879644358752006, 398.21363607656383, 219.76534614993298, 1) ), ( (1, 0, 0, 0), (0, 1, 0, 0), (0, 0, 1, 0), (0, 0, 0, 1) ), ( (0.9976705448877835, 0.014887316071220121, 0.06656869089893647, 0), (-0.0489891021541973, -0.5227105037025104, 0.8511007351349367, 0), (0.047466814424353666, -0.8523802036164748, -0.5207638474519565, 0), (-16.00335801795921, 402.14947344539655, 204.10575736849293, 1) ), ( (0.9984168473254544, 0.008362719413444665, 0.055612126684655594, 0), (-0.05035173048828722, -0.3074954091125795, 0.9502156785411311, 0), (0.02504692651846667, -0.9515124399394603, -0.30658798084748184, 0), (-16.74827461105085, 394.2010473927311, 217.04735812505405, 1) ), ( (0.9987118504211296, 0.003809723742945477, 0.050596219903370834, 0), (-0.049347116909366155, -0.15906897949819973, 0.9860338542293844, 0), (0.011804802230863554, -0.9872602379509582, -0.15867619647055864, 0), (-17.499980505602537, 389.6107037219465, 231.23317246211667, 1) ), ( (0.998274080321598, 0.010009828758269525, 0.05785972072188714, 0), (-0.05553458635947105, -0.15914854249503538, 0.98569184214, 0), (0.019074879937405635, -0.9872037311706124, -0.15831855092995678, 0), (-17.89726583681218, 388.32994850714454, 239.1718058454653, 1) ), ( (1, 0, 0, 0), (0, 1, 0, 0), (0, 0, 1, 0), (0, 0, 0, 1) ), ( (0.0006958672270452847, -0.014239201776955032, 0.999895749179483, 0), (0.05102099115866621, -0.998595646797626, -0.014256218387204325, 0), (0.9986686776716241, 0.051024262052696535, 0.00003160833247184587, 0), (-5.3964549599637905, 268.5174623958408, -25.858953097554114, 1) ), ( (-0.0002580176732703515, 0.004570839985388856, 0.9999870406532075, 0), (-0.07539969961519075, -0.997142118687069, 0.004538378776557189, 0), (0.9971257085278324, -0.07539567737152943, 0.0006019052793013058, 0), (1.2205219602781368, 141.705612603454, -27.669396953744585, 1) ), ( (-0.041860434790029655, 0.00785381176035449, 0.9990911912002379, 0), (0.8736088100637329, -0.48490511262710795, 0.04041476705420916, 0), (0.4847879178610811, 0.8745179784398114, 0.013437371838691481, 0), (-8.427590951975796, 19.584043434946544, -27.11340050251024, 1) ), ( (-0.018353545373730722, 0.05015269068965911, 0.9985708050505818, 0), (0.9995762498427146, -0.02038033285341683, 0.019395694276646447, 0), (0.021324608738353897, 0.9985331649849265, -0.04975885486695682, 0), (27.934236762552402, -0.6038417899749642, -25.431654088899393, 1) ), ( (-0.01835223340462806, 0.05015355917451621, 0.9985707710949278, 0), (0.9995763049704077, -0.02038028553482775, 0.019394307837004354, 0), (0.021324458566888613, 0.9985330841890506, -0.04975968343242648, 0), (44.154529994423285, -0.9388392350454464, -25.116934189060057, 1) ), ( (1, 0, 0, 0), (0, 1, 0, 0), (0, 0, 1, 0), (0, 0, 0, 1) ), ( (-0.0007226301821102851, 0.01424013264806447, 0.9999086895234769, 0), (0.04927197371301474, -0.9986832386050065, 0.014258351150568865, 0), (0.9988902843016361, 0.04928246354636082, 0.000020039992396520337, 0), (-5.615967236407946, 268.5174073128851, 25.134366827293434, 1) ), ( (0.00014210725523725254, -0.00457261956124767, 1.0000000714130939, 0), (-0.08672875797143195, -0.9962232384359603, -0.004543021582243678, 0), (0.9963349459689871, -0.08673595259734351, -0.0005381963612559708, 0), (0.03958655771185162, 141.70545442348876, 26.94467223716928, 1) ), ( (0.041789039525182925, -0.00757684086930599, 0.9991054812869257, 0), (0.8742135703422413, -0.4840299568964909, -0.040235960541999724, 0), (0.4838752523240032, 0.8750667129232599, -0.013602615509189814, 0), (-8.783973841892848, 19.583900773559595, 26.388608578970462, 1) ), ( (0.017991006384644917, -0.050547244019885355, 0.9985692802965642, 0), (0.9996925278659516, -0.02148764829708175, -0.019098882889133306, 0), (0.02241972713939769, 0.9984911241399177, 0.050139389680075586, 0), (27.71408151112562, -0.6040934016414358, 24.7068432816169, 1) ), ( (0.01799053497808027, -0.05054584132662864, 0.9985694396689405, -5.421010862427522e-20), (0.9996925441985887, -0.021487701939905762, -0.01909835520020975, -3.469446951953614e-18), (0.022419778522509662, 0.9984912627131111, 0.05013800707737231, -1.0842021724855044e-19), (44.182580269666936, -0.9390747253740316, 24.39211709439097, 0.9999999999999999) ), ( (1, 0, 0, 0), (0, 1, 0, 0), (0, 0, 1, 0), (0, 0, 0, 1) )]
            uniform token[] joints = ["Hips", "Hips/Spine", "Hips/Spine/Spine1", "Hips/Spine/Spine1/Spine2", "Hips/Spine/Spine1/Spine2/Neck", "Hips/Spine/Spine1/Spine2/Neck/Head", "Hips/Spine/Spine1/Spine2/Neck/Head/HeadTop_End", "Hips/Spine/Spine1/Spine2/Neck/Head/HeadTop_End/HeadTop_End_end", "Hips/Spine/Spine1/Spine2/LeftShoulder", "Hips/Spine/Spine1/Spine2/LeftShoulder/LeftArm", "Hips/Spine/Spine1/Spine2/LeftShoulder/LeftArm/LeftForeArm", "Hips/Spine/Spine1/Spine2/LeftShoulder/LeftArm/LeftForeArm/LeftHand", "Hips/Spine/Spine1/Spine2/LeftShoulder/LeftArm/LeftForeArm/LeftHand/LeftHandThumb1", "Hips/Spine/Spine1/Spine2/LeftShoulder/LeftArm/LeftForeArm/LeftHand/LeftHandThumb1/LeftHandThumb2", "Hips/Spine/Spine1/Spine2/LeftShoulder/LeftArm/LeftForeArm/LeftHand/LeftHandThumb1/LeftHandThumb2/LeftHandThumb3", "Hips/Spine/Spine1/Spine2/LeftShoulder/LeftArm/LeftForeArm/LeftHand/LeftHandThumb1/LeftHandThumb2/LeftHandThumb3/LeftHandThumb4", "Hips/Spine/Spine1/Spine2/LeftShoulder/LeftArm/LeftForeArm/LeftHand/LeftHandThumb1/LeftHandThumb2/LeftHandThumb3/LeftHandThumb4/LeftHandThumb4_end", "Hips/Spine/Spine1/Spine2/LeftShoulder/LeftArm/LeftForeArm/LeftHand/LeftHandIndex1", "Hips/Spine/Spine1/Spine2/LeftShoulder/LeftArm/LeftForeArm/LeftHand/LeftHandIndex1/LeftHandIndex2", "Hips/Spine/Spine1/Spine2/LeftShoulder/LeftArm/LeftForeArm/LeftHand/LeftHandIndex1/LeftHandIndex2/LeftHandIndex3", "Hips/Spine/Spine1/Spine2/LeftShoulder/LeftArm/LeftForeArm/LeftHand/LeftHandIndex1/LeftHandIndex2/LeftHandIndex3/LeftHandIndex4", "Hips/Spine/Spine1/Spine2/LeftShoulder/LeftArm/LeftForeArm/LeftHand/LeftHandIndex1/LeftHandIndex2/LeftHandIndex3/LeftHandIndex4/LeftHandIndex4_end", "Hips/Spine/Spine1/Spine2/RightShoulder", "Hips/Spine/Spine1/Spine2/RightShoulder/RightArm", "Hips/Spine/Spine1/Spine2/RightShoulder/RightArm/RightForeArm", "Hips/Spine/Spine1/Spine2/RightShoulder/RightArm/RightForeArm/RightHand", "Hips/Spine/Spine1/Spine2/RightShoulder/RightArm/RightForeArm/RightHand/RightHandThumb1", "Hips/Spine/Spine1/Spine2/RightShoulder/RightArm/RightForeArm/RightHand/RightHandThumb1/RightHandThumb2", "Hips/Spine/Spine1/Spine2/RightShoulder/RightArm/RightForeArm/RightHand/RightHandThumb1/RightHandThumb2/RightHandThumb3", "Hips/Spine/Spine1/Spine2/RightShoulder/RightArm/RightForeArm/RightHand/RightHandThumb1/RightHandThumb2/RightHandThumb3/RightHandThumb4", "Hips/Spine/Spine1/Spine2/RightShoulder/RightArm/RightForeArm/RightHand/RightHandThumb1/RightHandThumb2/RightHandThumb3/RightHandThumb4/RightHandThumb4_end", "Hips/Spine/Spine1/Spine2/RightShoulder/RightArm/RightForeArm/RightHand/RightHandIndex1", "Hips/Spine/Spine1/Spine2/RightShoulder/RightArm/RightForeArm/RightHand/RightHandIndex1/RightHandIndex2", "Hips/Spine/Spine1/Spine2/RightShoulder/RightArm/RightForeArm/RightHand/RightHandIndex1/RightHandIndex2/RightHandIndex3", "Hips/Spine/Spine1/Spine2/RightShoulder/RightArm/RightForeArm/RightHand/RightHandIndex1/RightHandIndex2/RightHandIndex3/RightHandIndex4", "Hips/Spine/Spine1/Spine2/RightShoulder/RightArm/RightForeArm/RightHand/RightHandIndex1/RightHandIndex2/RightHandIndex3/RightHandIndex4/RightHandIndex4_end", "Hips/LeftUpLeg", "Hips/LeftUpLeg/LeftLeg", "Hips/LeftUpLeg/LeftLeg/LeftFoot", "Hips/LeftUpLeg/LeftLeg/LeftFoot/LeftToeBase", "Hips/LeftUpLeg/LeftLeg/LeftFoot/LeftToeBase/LeftToe_End", "Hips/LeftUpLeg/LeftLeg/LeftFoot/LeftToeBase/LeftToe_End/LeftToe_End_end", "Hips/RightUpLeg", "Hips/RightUpLeg/RightLeg", "Hips/RightUpLeg/RightLeg/RightFoot", "Hips/RightUpLeg/RightLeg/RightFoot/RightToeBase", "Hips/RightUpLeg/RightLeg/RightFoot/RightToeBase/RightToe_End", "Hips/RightUpLeg/RightLeg/RightFoot/RightToeBase/RightToe_End/RightToe_End_end"]
            uniform matrix4d[] restTransforms = [( (0.9502329113791617, 0.26092389212520506, 0.17022343387686306, 0), (-0.06278209274295031, -0.3748026777114977, 0.9249759603072145, 0), (0.30514881752434564, -0.889630431548408, -0.33976881566887607, 0), (-1.9903788566589355, 6.341949462890626, 235.08876037597656, 1) ), ( (0.9780741077929221, -0.07554419521421421, 0.19407121733377886, 0), (0.01923370005917044, 0.9606719239040675, 0.2770179116196871, 0), (-0.2073660256033421, -0.2672115462173405, 0.9410620584376077, 0), (-0.000012040138258839761, 28.167284011840792, 0.46160781383514404, 1.0000000000000002) ), ( (0.9985110553604806, -0.012718023556775732, 0.05304868158872594, 0), (0.011655921791801596, 0.9997262174444289, 0.020282781438288544, 0), (-0.05329211467724075, -0.019634250215835425, 0.9983859207399162, 0), (7.152557368605983e-7, 32.86628341674805, 0.000001668930025289228, 1) ), ( (0.9985520281612332, -0.01239110103268045, 0.05234453211605733, 0), (0.01131100699860959, 0.9997178754229735, 0.0208804277228401, 0), (-0.05258851786822946, -0.020258132534762552, 0.9984108844925621, 0), (-2.7567147853346796e-7, 37.56146240234369, 0.000032823067186882326, 1) ), ( (0.9992690467648894, -0.027858024631049055, -0.02616689883967868, 0), (0.028521905455157183, 0.9992712533342591, 0.02535012236919254, 0), (0.025441628498912516, -0.026077925538726066, 0.9993355158535994, 0), (-0.000015020370483398438, 42.256587982177734, -0.000020288629514197964, 1) ), ( (0.9948020194473012, 0.09845911698060172, 0.025980431204371008, 0), (-0.07869581861131747, 0.9052795871210382, -0.4174784246875476, 0), (-0.06462343315743896, 0.41325949337034074, 0.9083127536225478, 0), (9.536743235116774e-7, 27.965272903442383, 0.0000028163194372154976, 1) ), ( (0.9999999999999739, -2.0958223787774077e-7, 9.03589304794214e-8, 0), (2.219329782997704e-7, 0.9853150358360103, -0.17074624492337226, 0), (-5.324663270283442e-8, 0.17074624492338789, 0.9853150358360312, 0), (-2.980232238769531e-7, 75.03876495361317, -0.000009754672651851592, 0.9999999999999998) ), ( (1, 5.421010862427522e-20, 0, 0), (-1.0842021724855044e-19, 0.9999999999999999, -1.3877787807814457e-17, 0), (-4.336808689942018e-19, 0, 0.9999999999999999, 0), (0, 7.619445800781193, 0, 0.9999999999999998) ), ( (0.19381267076637607, -0.0025147863005576254, -0.9810354544657702, 0), (0.8212906387126783, -0.54653415199522, 0.16365458356444476, 0), (-0.5365801049382212, -0.8374322691341549, -0.10385971226248947, 0), (16.098970413208008, 37.751274108886776, 0.1354526579379467, 1) ), ( (0.8532624541867572, 0.42448058343624673, 0.302911874754339, 0), (-0.5077701523393456, 0.8086114356426982, 0.2971866073128599, 0), (-0.11878811809963846, -0.40738797695545115, 0.905496780353465, 0), (0.00001239776611328125, 33.69328689575198, 0.0000019073486612342094, 1) ), ( (-0.19538984365757722, 0.9793451091109983, -0.052023485975563305, 0), (-0.9795049190351696, -0.19751822430588478, -0.03946667363106143, 0), (-0.04892707453299133, 0.04324586807265253, 0.9978662878189326, 0), (0.0000019073486239307158, 71.04623413085938, -0.0000038146972372032906, 1.0000000000000002) ), ( (0.8781499975601196, 0.18829747329788665, -0.43976681911696086, 0), (-0.2504959101692352, 0.9641675904453765, -0.08737053392183963, 0), (0.4075572635678319, 0.18688422376730196, 0.8938515141538562, 0), (-0.0000019073486328125, 56.54917907714845, 0.000011444091740031581, 1.0000000000000002) ), ( (0.8056837928823682, 0.567394528761946, -0.1701118111485327, 0), (-0.47448208606426945, 0.7901023564245802, 0.388081385980812, 0), (0.35459979322126844, -0.23195508792532996, 0.9057881255284949, 0), (-10.861055374145494, 12.228771209716825, 0.00006547570231418831, 1.0000000000000002) ), ( (0.8770247076134159, -0.4408052465067167, 0.19109724872218872, 0), (0.39572092011266935, 0.8883266864341028, 0.23298106085492906, 0), (-0.2724561571435159, -0.1287090137103401, 0.953520651178725, 0), (0.000010490417466257895, 13.08456230163577, -0.000016450881958007812, 1) ), ( (0.7898976136992324, 0.5227126223158931, 0.32069003079419567, 0), (-0.48788687569390177, 0.8524708966889435, -0.1877720328297816, 0), (-0.3715274045838944, -0.008139725596185421, 0.9283835449411479, 0), (0.000005722045919753782, 11.738654136657743, -0.000005245208683390956, 0.9999999999999999) ), ( (0.8688845839156496, 0.3328189604799553, -0.3664299127530465, 0), (-0.3066585262500777, 0.9429906717217265, 0.12934072102261984, 0), (0.3885871033691912, -0.00001330155267374733, 0.9214119941254344, 0), (0.00001871585847368351, 9.322869300842285, 0.0000133514404296875, 0.9999999999999998) ), ( (1, 1.3877787807814457e-17, 2.7755575615628914e-17, 0), (1.3877787807814457e-17, 1, -1.734723475976807e-17, 0), (0, 5.204170427930421e-17, 1.0000000000000002, 0), (2.842170943040401e-14, 7.619419574737549, 0, 1) ), ( (0.9904509251559646, -0.13614345947426082, 0.021710072632657132, 0), (0.04662367510442242, 0.47897504164483085, 0.8765911267096455, 0), (-0.12974042215242748, -0.8672062214771898, 0.4807476353529485, 0), (0.000009536743149851645, 25.740919113159237, -0.09327191114425659, 1.0000000000000002) ), ( (0.9805466693158915, -0.16584899247063303, -0.10498165981469221, 0), (0.17399160578461964, 0.48685761560148255, 0.8559785078221407, 0), (-0.0908519983676174, -0.8575922912559719, 0.5062426441831388, 0), (0.000005722045912648355, 18.493629455566378, -0.000008344650268554688, 1) ), ( (0.993818735057089, -0.10266105317305443, -0.042255258230689485, 0), (0.10860911417112173, 0.8202381846522704, 0.5616166499918127, 0), (-0.022996761274523242, -0.5627339852652404, 0.8263173116283042, 0), (-0.00002098083501067549, 15.033219337463379, 0.000003814697272730427, 1) ), ( (0.9998793036891341, -0.00951418154807826, 0.012282442900435092, 0), (0.009513610564176878, 0.9999547390790903, 0.00010491569074211338, 0), (-0.012282883708453401, 0.000011947349301932864, 0.9999244432488389, 0), (0.000009536743178273355, 7.6194810867309, 0.000011444091811085855, 1) ), ( (1, -5.551115123125783e-17, -2.7755575615628914e-17, 0), (-5.551115123125783e-17, 1.0000000000000002, 5.551115123125783e-17, 0), (2.7755575615628914e-17, 5.551115123125783e-17, 1, 0), (-2.842170943040401e-14, 7.619417667388944, 0, 1.0000000000000002) ), ( (-0.04989949978661137, -0.012512309077092498, 0.9986755659353275, 0), (-0.8904523243695287, -0.4523059199079314, -0.050158949258197166, 0), (0.4523341243203473, -0.891775194454876, 0.011428215597732494, 0), (-16.09899711608886, 37.74932098388666, 0.012251712381782909, 1) ), ( (0.7192118878852227, 0.39544460135108395, 0.5712762171534022, 0), (-0.6890595296608105, 0.511365483793143, 0.5135223146014428, 0), (-0.0890612537886949, -0.7629741746097474, 0.6402645862225661, 0), (-0.00001335144045810921, 33.69309234619138, 0.000015258789176186838, 1) ), ( (0.4131397503372437, -0.9103148470895908, 0.025336712936631367, 0), (0.9104456991080337, 0.4122657457936136, -0.033535505763747836, 0), (0.020082408749611095, 0.03692254960059749, 0.9991155451045896, 0), (-0.000030457973537068028, 71.00300598144528, -7.152557515155422e-7, 1) ), ( (0.950082033581769, -0.19064591274708168, 0.24697971713043163, 0), (0.2587805492640412, 0.9237169173035835, -0.28245192150772674, 0), (-0.17429115283534735, 0.3322662606818463, 0.9269429090121005, 0), (-0.00000476837158203125, 56.54915237426761, 0.00001621246335048454, 1) ), ( (0.7495451697990205, -0.5721243149052742, 0.3329386990800993, 0), (0.5692282401080404, 0.8138181859718918, 0.11696716040532693, 0), (-0.33787317740541, 0.10184649812143036, 0.9356679381304089, 0), (10.555534362792955, 12.943600654602022, 0.00001239776611328125, 1) ), ( (0.7920239429157898, 0.49884526971145765, -0.3519280865236122, 0), (-0.3586951683311012, 0.8467221572513829, 0.392944430051943, 0), (0.49400218878868507, -0.18498589719539899, 0.8495548751097763, 0), (0.00000286102294921875, 13.361297607421875, -0.000010013580293843916, 1) ), ( (0.9357714526898753, -0.35260293293728784, 0.0018538748388960968, 0), (0.3352720096923636, 0.8881241401702201, -0.3143679969234502, 0), (0.10920057419523871, 0.29479806164653577, 0.9492988278521982, 0), (0.0000019073486328125, 11.684797286987305, -0.000014781951875875166, 1.0000000000000002) ), ( (0.9130471914841884, -0.26336507329462894, 0.3114218121488352, 0), (0.24926465540542178, 0.9646962371129754, 0.08501941934453641, 0), (-0.3228186151835149, -2.9136315163325044e-7, 0.9464608505854392, 0), (0.000007867813091699816, 9.36741542816165, -0.000011086463956644366, 1) ), ( (1, 5.551115123125783e-17, -5.551115123125783e-17, 0), (0, 1.0000000000000002, 0, 0), (0, 0, 1, 0), (-1.2878587085651816e-14, 7.61940336227417, 2.842170943040401e-14, 1) ), ( (0.9807448011276783, -0.18256114401155787, -0.06937386171298271, 0), (0.19373309607596076, 0.8645602421902213, 0.46368501201211315, 0), (-0.024672927686028356, -0.46819561745475774, 0.8832790978334637, 0), (0.000022888183579539145, 29.13757896423337, -0.03606891632080078, 1) ), ( (0.993302504196389, 0.08386866642020424, 0.0794759106187038, 0), (-0.09422417871773309, 0.18985472587033067, 0.977280403573954, 0), (0.06687435883069781, -0.9782240910312753, 0.19648572454575236, 0), (-0.0000019073486186016453, 15.205975532531795, 9.5367431640625e-7, 1) ), ( (0.9990363758781213, 0.04060391798024682, 0.0166768808287759, 0), (-0.043452205934442545, 0.8609518087282366, 0.506828453167597, 0), (0.006221222812713506, -0.5070641038367824, 0.8618854771553504, 0), (0.0000038146972514141453, 14.928726196289048, 0.000015854835538675616, 0.9999999999999998) ), ( (0.9999542447115759, 0.006197423640646071, -0.007278819563234867, 0), (-0.006197151323819372, 0.9999807956723197, 0.00006001686329676348, 0), (0.007279051728326297, -0.000014906170915734984, 0.9999734476347142, 0), (0.000015258789076710855, 8.051052093505866, 0.0000209808349609375, 0.9999999999999998) ), ( (1, 1.6653345369377348e-16, -2.7755575615628914e-17, 0), (5.551115123125783e-17, 1, 2.7755575615628914e-17, 0), (-5.551115123125783e-17, 0, 1, 0), (0, 7.619398593902581, -2.842170943040401e-14, 0.9999999999999998) ), ( (-0.9975869572511908, 0.05977005643003315, -0.035253316053495354, 0), (-0.0693893384714031, -0.8638556508539147, 0.4989374050863106, 0), (-0.000632242996125798, 0.5001666535649004, 0.8658960316930756, 0), (25.496742248535163, -15.643442153930692, 3.7489027976989746, 1.0000000000000002) ), ( (0.9898869699128628, -0.0815553720328282, -0.11606856612778248, 0), (-0.06499027791697928, 0.4665853370944065, -0.8821128187291624, 0), (0.12609088747120817, 0.880693107927297, 0.45654456013871336, 0), (1.7881392722074452e-7, 126.99725341796876, -7.105427357601002e-15, 1) ), ( (0.9983325449442016, -0.01937089479376898, -0.05436530914441173, 0), (0.04722037961566528, -0.2674523138834254, 0.9624231557396117, 0), (-0.03318248855473897, -0.9633670191215972, -0.2660865411951787, 0), (-7.152557373046875e-7, 122.50347900390625, 0.0000030994415425311672, 1) ), ( (0.9991798486584851, -0.005910600676090727, 0.040054178391497705, 0), (-0.020515716022753275, 0.7789688250908477, 0.6267277148867776, 0), (-0.03490529561745875, -0.6270354808343206, 0.7782087389438619, 0), (-0.000007484108202504558, 41.62489700317383, 4.768371653085524e-7, 1.0000000000000002) ), ( (0.999999999998677, 0.000001363194306325255, 8.87783328942706e-7, 0), (-0.0000013631943937830737, 0.9999999999990661, 9.84867611006357e-8, 0), (-8.877831946920225e-7, -9.848797132352982e-8, 0.9999999999996013, 0), (-0.000003207474946975708, 16.22724342346192, 4.172325143159128e-7, 1.0000000000000002) ), ( (1, 0, -3.903127820947816e-18, 0), (0, 1, 0, 0), (-3.0357660829594124e-18, 3.469446951953614e-18, 0.9999999999999999, 0), (-7.105427357601002e-15, 7.6194210052490305, 0, 1) ), ( (-0.9377797554991892, 0.1455645074935515, -0.3152752173084462, 0), (-0.3460807782499791, -0.31723426659040904, 0.8829412606877493, 0), (0.028511774305319204, 0.9372126568199114, 0.3479091538061228, 0), (-25.496761322021502, -15.643445968627987, 3.529202461242676, 1.0000000000000002) ), ( (0.9987592815485222, 0.04638340337502083, -0.01809432310731896, 0), (0.013956234469003435, -0.6096564458848106, -0.7924597153055236, 0), (-0.04779471723018655, 0.7913302272175748, -0.6096292326234836, 0), (-0.0000036954879760742188, 126.95089721679686, -0.000022649764986226728, 1) ), ( (0.9722099846887716, -0.23402863611685476, 0.0061049377904299415, 0), (0.05396754015709547, 0.24941617679102399, 0.966880661636932, 0), (-0.22780518511209116, -0.9397011682653426, 0.25512016940406845, 0), (-0.0000025033950805664062, 122.44099426269531, 0.0000038146972514141453, 1) ), ( (0.9989949376156305, 0.00349220040530694, -0.04470290445438535, 0), (0.02196849518613292, 0.8309876350277823, 0.5558562947332529, 0), (0.0390887270889296, -0.5562797463354378, 0.8300758211790609, 0), (-9.5367431640625e-7, 41.739952087402344, 0.0000028610229563241774, 1.0000000000000002) ), ( (0.9999998807895618, -5.364417730580051e-7, 0.0000014174728427407413, 0), (5.364418050185504e-7, 0.9999999403952116, -1.1102230246251565e-16, 0), (-0.0000014174729272009579, 7.603917495657697e-13, 0.9999999403943507, 0), (-0.000006198883056640625, 16.473169326782234, -0.00000384449958942823, 1) ), ( (1.0000000000000002, -1.3877787807814457e-17, 0, 0), (-1.3877787807814457e-17, 1, -1.1102230246251565e-16, 0), (-2.7755575615628914e-17, -5.551115123125783e-17, 1, 0), (0, 7.619421005249023, -9.71445146547012e-16, 1) )]
            rel skel:animationSource = </Animated_Woman_AssetRoot/Armature/Hips/Animation>

            def SkelAnimation "Animation"
            {
                uniform token[] joints = ["Hips", "Hips/Spine", "Hips/Spine/Spine1", "Hips/Spine/Spine1/Spine2", "Hips/Spine/Spine1/Spine2/Neck", "Hips/Spine/Spine1/Spine2/Neck/Head", "Hips/Spine/Spine1/Spine2/Neck/Head/HeadTop_End", "Hips/Spine/Spine1/Spine2/Neck/Head/HeadTop_End/HeadTop_End_end", "Hips/Spine/Spine1/Spine2/LeftShoulder", "Hips/Spine/Spine1/Spine2/LeftShoulder/LeftArm", "Hips/Spine/Spine1/Spine2/LeftShoulder/LeftArm/LeftForeArm", "Hips/Spine/Spine1/Spine2/LeftShoulder/LeftArm/LeftForeArm/LeftHand", "Hips/Spine/Spine1/Spine2/LeftShoulder/LeftArm/LeftForeArm/LeftHand/LeftHandThumb1", "Hips/Spine/Spine1/Spine2/LeftShoulder/LeftArm/LeftForeArm/LeftHand/LeftHandThumb1/LeftHandThumb2", "Hips/Spine/Spine1/Spine2/LeftShoulder/LeftArm/LeftForeArm/LeftHand/LeftHandThumb1/LeftHandThumb2/LeftHandThumb3", "Hips/Spine/Spine1/Spine2/LeftShoulder/LeftArm/LeftForeArm/LeftHand/LeftHandThumb1/LeftHandThumb2/LeftHandThumb3/LeftHandThumb4", "Hips/Spine/Spine1/Spine2/LeftShoulder/LeftArm/LeftForeArm/LeftHand/LeftHandThumb1/LeftHandThumb2/LeftHandThumb3/LeftHandThumb4/LeftHandThumb4_end", "Hips/Spine/Spine1/Spine2/LeftShoulder/LeftArm/LeftForeArm/LeftHand/LeftHandIndex1", "Hips/Spine/Spine1/Spine2/LeftShoulder/LeftArm/LeftForeArm/LeftHand/LeftHandIndex1/LeftHandIndex2", "Hips/Spine/Spine1/Spine2/LeftShoulder/LeftArm/LeftForeArm/LeftHand/LeftHandIndex1/LeftHandIndex2/LeftHandIndex3", "Hips/Spine/Spine1/Spine2/LeftShoulder/LeftArm/LeftForeArm/LeftHand/LeftHandIndex1/LeftHandIndex2/LeftHandIndex3/LeftHandIndex4", "Hips/Spine/Spine1/Spine2/LeftShoulder/LeftArm/LeftForeArm/LeftHand/LeftHandIndex1/LeftHandIndex2/LeftHandIndex3/LeftHandIndex4/LeftHandIndex4_end", "Hips/Spine/Spine1/Spine2/RightShoulder", "Hips/Spine/Spine1/Spine2/RightShoulder/RightArm", "Hips/Spine/Spine1/Spine2/RightShoulder/RightArm/RightForeArm", "Hips/Spine/Spine1/Spine2/RightShoulder/RightArm/RightForeArm/RightHand", "Hips/Spine/Spine1/Spine2/RightShoulder/RightArm/RightForeArm/RightHand/RightHandThumb1", "Hips/Spine/Spine1/Spine2/RightShoulder/RightArm/RightForeArm/RightHand/RightHandThumb1/RightHandThumb2", "Hips/Spine/Spine1/Spine2/RightShoulder/RightArm/RightForeArm/RightHand/RightHandThumb1/RightHandThumb2/RightHandThumb3", "Hips/Spine/Spine1/Spine2/RightShoulder/RightArm/RightForeArm/RightHand/RightHandThumb1/RightHandThumb2/RightHandThumb3/RightHandThumb4", "Hips/Spine/Spine1/Spine2/RightShoulder/RightArm/RightForeArm/RightHand/RightHandThumb1/RightHandThumb2/RightHandThumb3/RightHandThumb4/RightHandThumb4_end", "Hips/Spine/Spine1/Spine2/RightShoulder/RightArm/RightForeArm/RightHand/RightHandIndex1", "Hips/Spine/Spine1/Spine2/RightShoulder/RightArm/RightForeArm/RightHand/RightHandIndex1/RightHandIndex2", "Hips/Spine/Spine1/Spine2/RightShoulder/RightArm/RightForeArm/RightHand/RightHandIndex1/RightHandIndex2/RightHandIndex3", "Hips/Spine/Spine1/Spine2/RightShoulder/RightArm/RightForeArm/RightHand/RightHandIndex1/RightHandIndex2/RightHandIndex3/RightHandIndex4", "Hips/Spine/Spine1/Spine2/RightShoulder/RightArm/RightForeArm/RightHand/RightHandIndex1/RightHandIndex2/RightHandIndex3/RightHandIndex4/RightHandIndex4_end", "Hips/LeftUpLeg", "Hips/LeftUpLeg/LeftLeg", "Hips/LeftUpLeg/LeftLeg/LeftFoot", "Hips/LeftUpLeg/LeftLeg/LeftFoot/LeftToeBase", "Hips/LeftUpLeg/LeftLeg/LeftFoot/LeftToeBase/LeftToe_End", "Hips/LeftUpLeg/LeftLeg/LeftFoot/LeftToeBase/LeftToe_End/LeftToe_End_end", "Hips/RightUpLeg", "Hips/RightUpLeg/RightLeg", "Hips/RightUpLeg/RightLeg/RightFoot", "Hips/RightUpLeg/RightLeg/RightFoot/RightToeBase", "Hips/RightUpLeg/RightLeg/RightFoot/RightToeBase/RightToe_End", "Hips/RightUpLeg/RightLeg/RightFoot/RightToeBase/RightToe_End/RightToe_End_end"]
                quatf[] rotations = [(0.5558016, 0.81621146, 0.06068948, 0.14560324), (0.98486143, 0.13814874, -0.101901956, -0.024058694), (0.9995778, 0.009983473, -0.026596427, -0.00609606), (0.99958503, 0.01028891, -0.026244154, -0.005927988), (0.9997346, 0.012860431, 0.012905562, -0.014098729), (0.97575516, -0.21284465, -0.023213848, 0.04538906), (0.996322, -0.085688286, -3.6033924e-8, -1.0827705e-7), (1, -3.469447e-18, -1.6263033e-19, 9.486769e-20), (0.36858475, 0.6790078, 0.3014603, -0.5587624), (0.94437426, 0.18651877, -0.11163492, 0.2467906), (0.63343465, -0.032644447, 0.0012220788, 0.77310634), (0.96645874, -0.07094323, 0.21918283, 0.113505475), (0.9356248, 0.16567445, 0.14020368, 0.2783904), (0.9642189, 0.093778014, -0.12018885, -0.21689223), (0.9448216, -0.047530778, -0.18316075, 0.26740432), (0.96608585, 0.03347374, 0.19538043, 0.16548155), (1, -1.7347235e-17, -6.938894e-18, 3.081488e-33), (0.8588035, 0.50762403, -0.044087693, -0.053203996), (0.86221325, 0.496852, 0.0040969374, -0.098537244), (0.9539883, 0.29464486, 0.0050468314, -0.055364974), (0.99996984, 0.000023242786, -0.0061415173, -0.0047570914), (1, 1.540744e-33, 1.3877788e-17, -6.162976e-33), (0.3567994, 0.5896986, -0.38280734, 0.615149), (0.8471779, 0.37669057, -0.19486398, 0.32003415), (0.84031576, -0.020961793, -0.0015631906, -0.54168963), (0.9747745, -0.15765648, -0.108043104, -0.115264215), (0.9352848, 0.0040417677, -0.17930694, -0.30508196), (0.93384916, 0.15471691, 0.22646312, 0.22957104), (0.9712357, -0.1568019, 0.02763149, -0.17706181), (0.9777787, 0.021737974, -0.1621636, -0.13106999), (1, 1.92593e-34, 1.3877788e-17, 1.3877788e-17), (0.96547705, 0.24130064, 0.0115748085, -0.09743732), (0.77130455, 0.63383, -0.004084503, 0.057724554), (0.96460783, 0.26277322, -0.0027098192, 0.021785041), (0.99998856, 0.000018730972, 0.0036395097, 0.0030986792), (1, 6.938894e-18, -6.938894e-18, 2.7755576e-17), (0.03344995, -0.0092937285, 0.2587533, 0.96531934), (0.8533781, -0.5164198, 0.07094233, -0.0048532705), (0.60514337, 0.7955929, 0.008751029, -0.027510356), (0.94291526, 0.33241656, -0.01987439, 0.0038723268), (1, 4.9243685e-8, -4.4389162e-7, 6.8159716e-7), (1, -8.6736174e-19, 2.1684043e-19, 6.162976e-33), (0.15236832, -0.08887249, 0.56406236, 0.8066717), (-0.44143948, 0.8969454, 0.016818354, -0.01836394), (0.7868842, 0.605738, -0.07431458, -0.09149913), (0.95656383, 0.2906591, 0.021899108, -0.004828822), (1, -1.901257e-13, -7.087365e-7, -2.6822093e-7), (1, -1.3877788e-17, -8.673617e-18, 1.7347235e-18)]
                quatf[] rotations.timeSamples = {
                    0: [(0.5558016, 0.81621146, 0.06068948, 0.14560324), (0.98486143, 0.13814874, -0.101901956, -0.024058694), (0.9995778, 0.009983473, -0.026596427, -0.00609606), (0.99958503, 0.01028891, -0.026244154, -0.005927988), (0.9997346, 0.012860431, 0.012905562, -0.014098729), (0.97575516, -0.21284465, -0.023213848, 0.04538906), (0.996322, -0.085688286, -3.6033924e-8, -1.0827705e-7), (1, -3.469447e-18, -1.6263033e-19, 9.486769e-20), (0.36858475, 0.6790078, 0.3014603, -0.5587624), (0.94437426, 0.18651877, -0.11163492, 0.2467906), (0.63343465, -0.032644447, 0.0012220788, 0.77310634), (0.96645874, -0.07094323, 0.21918283, 0.113505475), (0.9356248, 0.16567445, 0.14020368, 0.2783904), (0.9642189, 0.093778014, -0.12018885, -0.21689223), (0.9448216, -0.047530778, -0.18316075, 0.26740432), (0.96608585, 0.03347374, 0.19538043, 0.16548155), (1, -1.7347235e-17, -6.938894e-18, 3.081488e-33), (0.8588035, 0.50762403, -0.044087693, -0.053203996), (0.86221325, 0.496852, 0.0040969374, -0.098537244), (0.9539883, 0.29464486, 0.0050468314, -0.055364974), (0.99996984, 0.000023242786, -0.0061415173, -0.0047570914), (1, 1.540744e-33, 1.3877788e-17, -6.162976e-33), (0.3567994, 0.5896986, -0.38280734, 0.615149), (0.8471779, 0.37669057, -0.19486398, 0.32003415), (0.84031576, -0.020961793, -0.0015631906, -0.54168963), (0.9747745, -0.15765648, -0.108043104, -0.115264215), (0.9352848, 0.0040417677, -0.17930694, -0.30508196), (0.93384916, 0.15471691, 0.22646312, 0.22957104), (0.9712357, -0.1568019, 0.02763149, -0.17706181), (0.9777787, 0.021737974, -0.1621636, -0.13106999), (1, 1.92593e-34, 1.3877788e-17, 1.3877788e-17), (0.96547705, 0.24130064, 0.0115748085, -0.09743732), (0.77130455, 0.63383, -0.004084503, 0.057724554), (0.96460783, 0.26277322, -0.0027098192, 0.021785041), (0.99998856, 0.000018730972, 0.0036395097, 0.0030986792), (1, 6.938894e-18, -6.938894e-18, 2.7755576e-17), (0.03344995, -0.0092937285, 0.2587533, 0.96531934), (0.8533781, -0.5164198, 0.07094233, -0.0048532705), (0.60514337, 0.7955929, 0.008751029, -0.027510356), (0.94291526, 0.33241656, -0.01987439, 0.0038723268), (1, 4.9243685e-8, -4.4389162e-7, 6.8159716e-7), (1, -8.6736174e-19, 2.1684043e-19, 6.162976e-33), (0.15236832, -0.08887249, 0.56406236, 0.8066717), (-0.44143948, 0.8969454, 0.016818354, -0.01836394), (0.7868842, 0.605738, -0.07431458, -0.09149913), (0.95656383, 0.2906591, 0.021899108, -0.004828822), (1, -1.901257e-13, -7.087365e-7, -2.6822093e-7), (1, -1.3877788e-17, -8.673617e-18, 1.7347235e-18)],
