#usda 1.0
(
    defaultPrim = "Animated_Woman_AssetRoot"
    endTimeCode = 16
    framesPerSecond = 24
    metersPerUnit = 0.01
    startTimeCode = 0
    timeCodesPerSecond = 24
    upAxis = "Y"
)

def SkelRoot "Animated_Woman_AssetRoot" (
    kind = "assembly"
)
{
    def Xform "Armature"
    {
        float3 xformOp:rotateXYZ.timeSamples = {
            0: (-90.00001, 0, 0),
        }
        float3 xformOp:scale.timeSamples = {
            0: (1, 1, 1),
        }
        double3 xformOp:translate.timeSamples = {
            0: (0, 0, 0),
        }
        uniform token[] xformOpOrder = ["xformOp:translate", "xformOp:rotateXYZ", "xformOp:scale"]

        def Xform "ArmatureShape"
        {
        }

        def Skeleton "Hips" (
            prepend apiSchemas = ["SkelBindingAPI"]
            customData = {
                dictionary Maya = {
                    bool generated = 1
                }
            }
        )
        {
            uniform matrix4d[] bindTransforms = [( (4.371139999999929e-8, 5.210792282599915e-15, -0.9999999999999981, 0), (-1.1920899999767753e-7, 0.9999999999999858, -5.2108924813998314e-15, 0), (0.9999999999999838, 1.1920899999999807e-7, 4.371139999999929e-8, 0), (-9.145275858700018, 284.1609179098008, -0.3623503997528112, 1) ), ( (7.870031215563148e-10, -1.289748271219305e-11, -0.9999999999999999, 0), (0.016385891550208483, 0.9998654843945565, 1.289921923615378e-11, 0), (0.9998654843945564, -0.016385891550208486, 7.871091073027598e-10, 0), (-8.683586220028268, 312.32806133566174, -0.36233500683584946, 1) ), ( (1.0727737524013887e-7, 4.3853777530901e-15, -0.9999999999999885, 0), (0.01638579160395886, 0.9998654876712837, 1.7578349513838742e-9, 0), (0.9998654876712723, -0.01638579160395905, 1.0726356978640243e-7, 0), (-8.145034546601968, 345.18997236400736, -0.36233487378301615, 1) ), ( (1.0172063050327367e-7, -3.73573809819308e-15, -0.9999999999999897, 1.5407439555097887e-33), (0.016385691657708465, 0.9998654909479913, 1.6667525554181495e-9, -4.336808689942018e-19), (0.9998654909479808, -0.016385691657708635, 1.0170631773922869e-7, 6.776263578034403e-21), (-7.529552039663534, 382.7463509924932, -0.3623357659060335, 0.9999999999999999) ), ( (6.379594306099813e-8, -2.1251003257716453e-15, -0.9999999999999959, 0), (0.17074602633911057, 0.98531515199373, 1.0892913496337794e-8, 0), (0.985315151993726, -0.17074602633911123, 6.285916543657673e-8, 0), (-6.837406161601879, 424.99759950514857, -0.36232043619916343, 1) ), ( (2.4277819678210753e-7, -6.07700093719609e-15, -0.999999999999941, 0), (0.17074602633910116, 0.9853151519937299, 4.145337878264533e-8, 0), (0.9853151519936718, -0.17074602633911126, 2.3921284197074176e-7, 0), (-2.062328031281406, 452.5522774717207, -0.3623195006878748, 1) ), ( (4.371529999999954e-8, 4.071306434189957e-15, -0.9999999999999981, 0), (-9.313230000043693e-8, 0.9999999999999913, -4.071287577900318e-15, 0), (0.9999999999999895, 9.313229999999901e-8, 4.371529999999954e-8, 0), (10.750318982693996, 526.4891370012019, -0.36230453004658053, 1) ), ( (1, 0, 0, 0), (0, 1, 0, 0), (0, 0, 1, 0), (0, 0, 0, 1) ), ( (-0.9998299802052852, 0.01643872073239509, -0.008292153415478405, -6.776263578034403e-21), (0.0036574885821727843, -0.2640656884469849, -0.9644974408689484, 1.0842021724855044e-19), (-0.018044748073126525, -0.9643641139154313, 0.26396091624867, 4.336808689942018e-19), (-6.775743786056372, 420.4904535227931, -16.461078454628726, 0.9999999999999999) ), ( (-0.994165588224983, 0.0453813367369479, 0.09784632910499666, -1.3552527156068805e-20), (-0.09940398275564144, -0.033435073470376955, -0.9944855291665222, 1.3552527156068805e-20), (-0.04185960088705051, -0.9984100984365301, 0.03775115084572574, 4.336808689942018e-19), (-6.652495741112158, 411.59352843157257, -48.958257888065624, 0.9999999999999999) ), ( (-0.9991227340658465, 0.04184918034898866, -0.001068991874865241, 0), (-0.0037672753754908945, -0.11531442184197949, -0.9933217275228402, 0), (-0.04169297077077536, -0.9924471157926131, 0.11537155994680501, 0), (-13.714771346125781, 409.21793506587414, -119.61270128032676, 1) ), ( (-0.9900302104929796, -0.08418249431141701, 0.11293246785689744, 0), (-0.10515850681456879, -0.0916758156049573, -0.9902205310839566, 0), (0.093712442710654, -0.9922233633328925, 0.08190935386534576, 0), (-13.927754567116846, 402.6967487877791, -175.7841314205061, 1) ), ( (-0.8056581227502346, 0.145701914510574, -0.574182843785469, 0), (0.5788106451775722, -0.012657829963081508, -0.8153632168032727, 0), (-0.1260678347829405, -0.9892471067957073, -0.07413615923633027, 0), (-4.460755960483318, 402.48960213095773, -189.1197305818949, 1) ), ( (-0.9408146681320319, -0.14293092167875573, -0.30730794003051115, 0), (0.331542753056603, -0.1999618455271227, -0.9220054429885026, 0), (0.07033324221552166, -0.9693218564691415, 0.235514770171928, 0), (3.1126287957843193, 402.32397910564566, -199.7886209212089, 1) ), ( (-0.8975573481677409, -0.4371265281882352, 0.0575477861846391, 0), (0.023862672270230558, -0.17849567538758174, -0.9836517132648117, 0), (0.44025171091456383, -0.8815101855462594, 0.170640468032644, 0), (7.00451314428797, 399.97706742531466, -210.6115893291177, 1) ), ( (-0.9332536788913767, -0.11620714415384159, -0.33990321007140445, 5.421010862427522e-20), (0.3546880061448889, -0.14828619401933874, -0.9231508755448783, 5.421010862427522e-20), (0.05687372551276064, -0.9820924981040134, 0.17960549913126006, 4.336808689942018e-19), (7.2269694319634485, 398.3125747828395, -219.78194155708425, 0.9999999999999999) ), ( (1, 0, 0, 0), (0, 1, 0, 0), (0, 0, 1, 0), (0, 0, 0, 1) ), ( (-0.9897661977468091, -0.0901628285897007, 0.110601659153835, 0), (-0.0705369105626589, -0.36463222960010855, -0.928475942762463, 0), (0.12404289611530789, -0.9267759859720394, 0.3545418043666235, 0), (-16.64369758259147, 400.4297547294406, -201.28119583244546, 1) ), ( (-0.9913591123613396, -0.08359474842863351, 0.10108989266996776, 0), (-0.06929965379678986, -0.3205668989275561, -0.9446869226169905, 0), (0.11137658915470952, -0.9435299210760894, 0.3120037666080991, 0), (-17.948069837559558, 393.68634109936215, -218.45180000327224, 1) ), ( (-0.9929760996690974, -0.07565505949234698, 0.09096634503602366, 0), (-0.0691018213843412, -0.25325056058181566, -0.9649290436002176, 0), (0.09603905299031285, -0.9644376919575969, 0.24624411977451977, 0), (-18.989841129986694, 388.8673046389634, -232.65345834757545, 1) ), ( (-0.9910193247500303, -0.08508240472485638, 0.10316051421820142, 0), (-0.0785349733326177, -0.25406041948895125, -0.9639939835990342, 0), (0.10822748513215706, -0.9634384476914651, 0.24509717023749428, 0), (-19.516253632484354, 386.93756460997577, -240.00582867841263, 1) ), ( (1, 0, 0, 0), (0, 1, 0, 0), (0, 0, 1, 0), (0, 0, 0, 1) ), ( (0.999865096784571, -0.01641302164977419, -0.0007057494665271447, 0), (-0.003653861433573195, -0.26406250635560313, 0.96449816085817, 0), (-0.016016674397263616, -0.9643656821786362, -0.2640871768443691, 0), (-6.898783770362718, 420.4904321866043, 15.736706554839648, 1) ), ( (0.9949116801754571, -0.04162474852429729, 0.09174863290449689, 0), (-0.09316462597681685, -0.03345569195230199, 0.9950889482070646, 0), (-0.03835083857432033, -0.9985730583286123, -0.037163448059835597, 0), (-7.021875082992484, 411.5934984107241, 48.233693323025406, 1) ), ( (0.9992635333076276, -0.0383118799605319, -0.0022634101617272865, 0), (-0.0021717316890216254, -0.11532770279924379, 0.993325216094136, 0), (-0.03831719179791134, -0.9925877536197854, -0.11532617727773475, 0), (-13.636866134978126, 409.21769157943965, 118.88793732482549, 1) ), ( (0.9969694162431892, 0.00962846624327651, 0.07719254571707003, 0), (-0.07698850969335014, -0.020017927434864653, 0.9968310087167056, 0), (0.011143227214928064, -0.999752512463167, -0.019216041080234447, 0), (-13.759683777298763, 402.69602139526756, 175.05963352042812, 1) ), ( (0.8005274652446241, -0.21736862162702278, -0.5584851713171094, 0), (0.5704192336261058, -0.009420417510761487, 0.8212995043566641, 0), (-0.1837864716402876, -0.976044165877208, 0.11644970101901692, 0), (-4.232183904207285, 402.5389859460287, 188.77683853745742, 1) ), ( (0.952396246726136, 0.074044589631426, -0.2957332363645728, 0), (0.30465626373442256, -0.1955851490348498, 0.9321641718853219, 0), (0.011180737004867988, -0.9778869195746905, -0.20883245236487946, 0), (3.3890905370971027, 402.41274784761424, 199.75063441774282, 1) ), ( (0.959208746625996, 0.2799792668377055, -0.03911549661057678, 0), (0.09934947718713799, -0.20431636593787153, 0.9738497742398315, 0), (0.26466571631347197, -0.9380120747144854, -0.22379735877485368, 0), (6.949024140552592, 400.12764839315247, 210.64254237582904, 1) ), ( (0.9320601299172581, 0.017326617443997817, -0.36188790973833196, 0), (0.3574403341100013, -0.20706342608512363, 0.9106919546724275, 0), (-0.059154702839299494, -0.9781740338337606, -0.19918931188026234, 0), (7.879644358752006, 398.21363607656383, 219.76534614993298, 1) ), ( (1, 0, 0, 0), (0, 1, 0, 0), (0, 0, 1, 0), (0, 0, 0, 1) ), ( (0.9976705448877835, 0.014887316071220121, 0.06656869089893647, 0), (-0.0489891021541973, -0.5227105037025104, 0.8511007351349367, 0), (0.047466814424353666, -0.8523802036164748, -0.5207638474519565, 0), (-16.00335801795921, 402.14947344539655, 204.10575736849293, 1) ), ( (0.9984168473254544, 0.008362719413444665, 0.055612126684655594, 0), (-0.05035173048828722, -0.3074954091125795, 0.9502156785411311, 0), (0.02504692651846667, -0.9515124399394603, -0.30658798084748184, 0), (-16.74827461105085, 394.2010473927311, 217.04735812505405, 1) ), ( (0.9987118504211296, 0.003809723742945477, 0.050596219903370834, 0), (-0.049347116909366155, -0.15906897949819973, 0.9860338542293844, 0), (0.011804802230863554, -0.9872602379509582, -0.15867619647055864, 0), (-17.499980505602537, 389.6107037219465, 231.23317246211667, 1) ), ( (0.998274080321598, 0.010009828758269525, 0.05785972072188714, 0), (-0.05553458635947105, -0.15914854249503538, 0.98569184214, 0), (0.019074879937405635, -0.9872037311706124, -0.15831855092995678, 0), (-17.89726583681218, 388.32994850714454, 239.1718058454653, 1) ), ( (1, 0, 0, 0), (0, 1, 0, 0), (0, 0, 1, 0), (0, 0, 0, 1) ), ( (0.0006958672270452847, -0.014239201776955032, 0.999895749179483, 0), (0.05102099115866621, -0.998595646797626, -0.014256218387204325, 0), (0.9986686776716241, 0.051024262052696535, 0.00003160833247184587, 0), (-5.3964549599637905, 268.5174623958408, -25.858953097554114, 1) ), ( (-0.0002580176732703515, 0.004570839985388856, 0.9999870406532075, 0), (-0.07539969961519075, -0.997142118687069, 0.004538378776557189, 0), (0.9971257085278324, -0.07539567737152943, 0.0006019052793013058, 0), (1.2205219602781368, 141.705612603454, -27.669396953744585, 1) ), ( (-0.041860434790029655, 0.00785381176035449, 0.9990911912002379, 0), (0.8736088100637329, -0.48490511262710795, 0.04041476705420916, 0), (0.4847879178610811, 0.8745179784398114, 0.013437371838691481, 0), (-8.427590951975796, 19.584043434946544, -27.11340050251024, 1) ), ( (-0.018353545373730722, 0.05015269068965911, 0.9985708050505818, 0), (0.9995762498427146, -0.02038033285341683, 0.019395694276646447, 0), (0.021324608738353897, 0.9985331649849265, -0.04975885486695682, 0), (27.934236762552402, -0.6038417899749642, -25.431654088899393, 1) ), ( (-0.01835223340462806, 0.05015355917451621, 0.9985707710949278, 0), (0.9995763049704077, -0.02038028553482775, 0.019394307837004354, 0), (0.021324458566888613, 0.9985330841890506, -0.04975968343242648, 0), (44.154529994423285, -0.9388392350454464, -25.116934189060057, 1) ), ( (1, 0, 0, 0), (0, 1, 0, 0), (0, 0, 1, 0), (0, 0, 0, 1) ), ( (-0.0007226301821102851, 0.01424013264806447, 0.9999086895234769, 0), (0.04927197371301474, -0.9986832386050065, 0.014258351150568865, 0), (0.9988902843016361, 0.04928246354636082, 0.000020039992396520337, 0), (-5.615967236407946, 268.5174073128851, 25.134366827293434, 1) ), ( (0.00014210725523725254, -0.00457261956124767, 1.0000000714130939, 0), (-0.08672875797143195, -0.9962232384359603, -0.004543021582243678, 0), (0.9963349459689871, -0.08673595259734351, -0.0005381963612559708, 0), (0.03958655771185162, 141.70545442348876, 26.94467223716928, 1) ), ( (0.041789039525182925, -0.00757684086930599, 0.9991054812869257, 0), (0.8742135703422413, -0.4840299568964909, -0.040235960541999724, 0), (0.4838752523240032, 0.8750667129232599, -0.013602615509189814, 0), (-8.783973841892848, 19.583900773559595, 26.388608578970462, 1) ), ( (0.017991006384644917, -0.050547244019885355, 0.9985692802965642, 0), (0.9996925278659516, -0.02148764829708175, -0.019098882889133306, 0), (0.02241972713939769, 0.9984911241399177, 0.050139389680075586, 0), (27.71408151112562, -0.6040934016414358, 24.7068432816169, 1) ), ( (0.01799053497808027, -0.05054584132662864, 0.9985694396689405, -5.421010862427522e-20), (0.9996925441985887, -0.021487701939905762, -0.01909835520020975, -3.469446951953614e-18), (0.022419778522509662, 0.9984912627131111, 0.05013800707737231, -1.0842021724855044e-19), (44.182580269666936, -0.9390747253740316, 24.39211709439097, 0.9999999999999999) ), ( (1, 0, 0, 0), (0, 1, 0, 0), (0, 0, 1, 0), (0, 0, 0, 1) )]
            uniform token[] joints = ["Hips", "Hips/Spine", "Hips/Spine/Spine1", "Hips/Spine/Spine1/Spine2", "Hips/Spine/Spine1/Spine2/Neck", "Hips/Spine/Spine1/Spine2/Neck/Head", "Hips/Spine/Spine1/Spine2/Neck/Head/HeadTop_End", "Hips/Spine/Spine1/Spine2/Neck/Head/HeadTop_End/HeadTop_End_end", "Hips/Spine/Spine1/Spine2/LeftShoulder", "Hips/Spine/Spine1/Spine2/LeftShoulder/LeftArm", "Hips/Spine/Spine1/Spine2/LeftShoulder/LeftArm/LeftForeArm", "Hips/Spine/Spine1/Spine2/LeftShoulder/LeftArm/LeftForeArm/LeftHand", "Hips/Spine/Spine1/Spine2/LeftShoulder/LeftArm/LeftForeArm/LeftHand/LeftHandThumb1", "Hips/Spine/Spine1/Spine2/LeftShoulder/LeftArm/LeftForeArm/LeftHand/LeftHandThumb1/LeftHandThumb2", "Hips/Spine/Spine1/Spine2/LeftShoulder/LeftArm/LeftForeArm/LeftHand/LeftHandThumb1/LeftHandThumb2/LeftHandThumb3", "Hips/Spine/Spine1/Spine2/LeftShoulder/LeftArm/LeftForeArm/LeftHand/LeftHandThumb1/LeftHandThumb2/LeftHandThumb3/LeftHandThumb4", "Hips/Spine/Spine1/Spine2/LeftShoulder/LeftArm/LeftForeArm/LeftHand/LeftHandThumb1/LeftHandThumb2/LeftHandThumb3/LeftHandThumb4/LeftHandThumb4_end", "Hips/Spine/Spine1/Spine2/LeftShoulder/LeftArm/LeftForeArm/LeftHand/LeftHandIndex1", "Hips/Spine/Spine1/Spine2/LeftShoulder/LeftArm/LeftForeArm/LeftHand/LeftHandIndex1/LeftHandIndex2", "Hips/Spine/Spine1/Spine2/LeftShoulder/LeftArm/LeftForeArm/LeftHand/LeftHandIndex1/LeftHandIndex2/LeftHandIndex3", "Hips/Spine/Spine1/Spine2/LeftShoulder/LeftArm/LeftForeArm/LeftHand/LeftHandIndex1/LeftHandIndex2/LeftHandIndex3/LeftHandIndex4", "Hips/Spine/Spine1/Spine2/LeftShoulder/LeftArm/LeftForeArm/LeftHand/LeftHandIndex1/LeftHandIndex2/LeftHandIndex3/LeftHandIndex4/LeftHandIndex4_end", "Hips/Spine/Spine1/Spine2/RightShoulder", "Hips/Spine/Spine1/Spine2/RightShoulder/RightArm", "Hips/Spine/Spine1/Spine2/RightShoulder/RightArm/RightForeArm", "Hips/Spine/Spine1/Spine2/RightShoulder/RightArm/RightForeArm/RightHand", "Hips/Spine/Spine1/Spine2/RightShoulder/RightArm/RightForeArm/RightHand/RightHandThumb1", "Hips/Spine/Spine1/Spine2/RightShoulder/RightArm/RightForeArm/RightHand/RightHandThumb1/RightHandThumb2", "Hips/Spine/Spine1/Spine2/RightShoulder/RightArm/RightForeArm/RightHand/RightHandThumb1/RightHandThumb2/RightHandThumb3", "Hips/Spine/Spine1/Spine2/RightShoulder/RightArm/RightForeArm/RightHand/RightHandThumb1/RightHandThumb2/RightHandThumb3/RightHandThumb4", "Hips/Spine/Spine1/Spine2/RightShoulder/RightArm/RightForeArm/RightHand/RightHandThumb1/RightHandThumb2/RightHandThumb3/RightHandThumb4/RightHandThumb4_end", "Hips/Spine/Spine1/Spine2/RightShoulder/RightArm/RightForeArm/RightHand/RightHandIndex1", "Hips/Spine/Spine1/Spine2/RightShoulder/RightArm/RightForeArm/RightHand/RightHandIndex1/RightHandIndex2", "Hips/Spine/Spine1/Spine2/RightShoulder/RightArm/RightForeArm/RightHand/RightHandIndex1/RightHandIndex2/RightHandIndex3", "Hips/Spine/Spine1/Spine2/RightShoulder/RightArm/RightForeArm/RightHand/RightHandIndex1/RightHandIndex2/RightHandIndex3/RightHandIndex4", "Hips/Spine/Spine1/Spine2/RightShoulder/RightArm/RightForeArm/RightHand/RightHandIndex1/RightHandIndex2/RightHandIndex3/RightHandIndex4/RightHandIndex4_end", "Hips/LeftUpLeg", "Hips/LeftUpLeg/LeftLeg", "Hips/LeftUpLeg/LeftLeg/LeftFoot", "Hips/LeftUpLeg/LeftLeg/LeftFoot/LeftToeBase", "Hips/LeftUpLeg/LeftLeg/LeftFoot/LeftToeBase/LeftToe_End", "Hips/LeftUpLeg/LeftLeg/LeftFoot/LeftToeBase/LeftToe_End/LeftToe_End_end", "Hips/RightUpLeg", "Hips/RightUpLeg/RightLeg", "Hips/RightUpLeg/RightLeg/RightFoot", "Hips/RightUpLeg/RightLeg/RightFoot/RightToeBase", "Hips/RightUpLeg/RightLeg/RightFoot/RightToeBase/RightToe_End", "Hips/RightUpLeg/RightLeg/RightFoot/RightToeBase/RightToe_End/RightToe_End_end"]
            uniform matrix4d[] restTransforms = [( (0.9852639864732959, -0.04830819032660063, -0.16408043088488256, 0), (0.15367126080557372, -0.17122925469111774, 0.9731723252531355, 0), (-0.075107577229034, -0.984046267353541, -0.16128246640270957, 0), (2.202895164489746, 5.095119476318359, 254.6210784912109, 1) ), ( (0.9931052104081293, 0.10265427261137586, -0.05660197652924905, 0), (-0.09926175254619797, 0.9932620216927547, 0.059807570496296286, 0), (0.0623601446055886, -0.053776840163380885, 0.9966041042781366, 0), (-0.000014835037298155385, 28.167297363281193, 0.4616098403930593, 1) ), ( (0.9996440465911484, 0.023233074992101914, 0.013124128918869122, 0), (-0.02487195583097857, 0.9894212605288708, 0.1429279032889971, 0), (-0.009664627113650452, -0.1432032967288733, 0.9896458628982566, 0), (-3.725289765554862e-8, 32.866264343261776, -0.00001120567321066801, 1) ), ( (0.9947349993614348, 0.10044382103730963, 0.0203302695710373, 0), (-0.10187114785866995, 0.9907686221203287, 0.08943364101264856, 0), (-0.011159539198284746, -0.09103386243726003, 0.9957847894502843, 0), (-0.000001370906828945806, 37.56147384643555, -0.000006437301607320478, 1) ), ( (0.9973650247886117, -0.07186681096714961, -0.009920041754809435, 0), (0.0715787109915372, 0.9970731168880924, -0.02685093026777674, 0), (0.011820690636288253, 0.026070099391324875, 0.999589391831091, 0), (-0.0000159740448033574, 42.256599426269474, 0.000009328126907348633, 1) ), ( (0.9978379694313347, -0.0020354860011289663, -0.06569232814022888, 0), (-0.021374812448645794, 0.9351399785919529, -0.3536495728490611, 0), (0.06215070427760863, 0.3542853317676637, 0.9330646584946015, 0), (-8.881784197001252e-16, 27.9652156829834, -0.00000835955144395939, 1) ), ( (0.9999999999999737, -2.098223272468079e-7, 9.187119188319715e-8, 0), (2.2242775401149113e-7, 0.9853150386780398, -0.17074622852304314, 0), (-5.46956959480982e-8, 0.1707462285230591, 0.9853150386780607, 0), (-4.768371599794818e-7, 75.03881835937494, 0.000005967915054583273, 1) ), ( (1, -1.5178830414797062e-18, 0, 0), (0, 0.9999999999999999, -1.3877787807814457e-17, 0), (3.469446951953614e-18, -1.3877787807814457e-17, 1, 0), (1.7763568394002505e-15, 7.619445800781136, 0, 1) ), ( (0.18298882951698098, -0.03322016389034965, -0.9825536867783342, 0), (0.8602127886215312, -0.4784589643787382, 0.17638101497038947, 0), (-0.47597079868623043, -0.8774805839367961, -0.05897620792292524, 0), (16.09896850585937, 37.75137329101557, 0.1354295015335083, 1) ), ( (0.8655834734427108, -0.324529225972181, -0.38137762521907975, 0), (0.5007603157114193, 0.5644280463567548, 0.6562431560866769, 0), (0.002290146479792421, -0.7590126890915557, 0.6510715286351183, 0), (0.00002479553219814079, 33.69330596923828, 0.00003814697265625, 1) ), ( (0.1174296761113176, 0.9922986942620518, -0.03942143289422034, 0), (-0.9924595527126534, 0.11586009116439056, -0.03998806064084298, 0), (-0.035112746294093056, 0.043819983561867615, 0.9984222073293065, 0), (-0.0000095367431640625, 71.04624176025393, -0.0000028610229350078953, 1.0000000000000002) ), ( (0.9891006315670106, 0.12831096093071875, -0.07221444894909443, 0), (-0.11663934107274754, 0.9821575246283102, 0.1475262915499088, 0), (0.0898551296726231, -0.1374951876685232, 0.9864179107126253, 0), (0.00001239776611328125, 56.54921340942386, -0.00000286102294921875, 1) ), ( (0.6414284905577664, 0.5459631949393703, -0.5389795232548251, 0), (-0.3474820007153613, 0.8330955370481778, 0.43035892065242815, 0), (0.6839767560072624, -0.08875816551727167, 0.7240785033962331, 0), (-10.861061096191378, 12.228851318359347, 0.00016021728515625, 1) ), ( (0.8882999936012937, -0.31833922968454326, 0.3310336179480766, 0), (0.32787047151490223, 0.9442994422558848, 0.028275736309082533, 0), (-0.3215958877196076, 0.08341874738355759, 0.9431944910073597, 0), (-0.00001907348629970329, 13.084535598754911, 0.0000019073486328125, 1) ), ( (0.9229206229644271, 0.10948070560853157, 0.36910681851476035, 0), (-0.13653886809765664, 0.9894738709953169, 0.047916317820791865, 0), (-0.35997368773290334, -0.09461987187933096, 0.9281491787383271, 0), (9.5367431640625e-7, 11.738672256469727, 0.0000038146972514141453, 0.9999999999999998) ), ( (0.8688845725244483, 0.3328189561166513, -0.36642994372712545, 0), (-0.30665854163307843, 0.9429906732625277, 0.12934067331691207, 0), (0.38858709353874293, -0.000013243492516856747, 0.9214119335836908, 0), (-0.0000133514404296875, 9.322834014892578, -0.0000019073486470233547, 0.9999999999999999) ), ( (1, -3.469446951953614e-17, 0, 0), (1.3877787807814457e-17, 1, 5.551115123125783e-17, 0), (5.551115123125783e-17, 5.551115123125783e-17, 1.0000000000000002, 0), (2.842170943040401e-14, 7.619419574737563, 1.4210854715202004e-14, 1) ), ( (0.9399032334305291, -0.29111548147972727, -0.17842398589216968, 0), (0.20802002697234248, 0.0738389045524484, 0.9753343803453616, 0), (-0.2707595637004951, -0.9538330848841006, 0.12995891912765173, 0), (0.00002670288088779671, 25.74091339111328, -0.09326934814451704, 1) ), ( (0.9740226778262484, -0.18849079484310222, -0.1255031606757359, 0), (0.18896861091123662, 0.3711579270360911, 0.9091393326764055, 0), (-0.12478270167029148, -0.9092370220091284, 0.39713444254014446, 0), (-0.000004768371574925823, 18.493629455566378, 0.000009059906062702794, 1) ), ( (0.9861252924156276, -0.1442047761123394, -0.08223071326811515, 0), (0.15091875727469117, 0.5724798391036271, 0.8059090574304639, 0), (-0.06914046436048704, -0.8071369327744435, 0.5862996699336107, 0), (0.000005722045891332073, 15.033246994018555, 0.000008344650240132978, 1) ), ( (0.9998792440492138, -0.009514184101382377, 0.01228244320856331, 0), (0.009513613913322456, 0.9999547390491776, 0.00010489708870263514, 0), (-0.01228288457160176, 0.00001196600013037008, 0.999924443238013, 0), (0.0000011920928955078125, 7.6194033622741415, -0.0000040531158503887, 0.9999999999999999) ), ( (0.9999999999999998, 4.85722573273506e-17, 5.551115123125783e-17, 0), (2.0816681711721685e-17, 0.9999999999999999, 4.163336342344337e-17, 0), (0, 2.7755575615628914e-17, 0.9999999999999999, 0), (2.842170943040401e-14, 7.619417667388916, 1.199040866595169e-14, 0.9999999999999998) ), ( (0.20639117397205825, 0.09381881119093649, 0.9739615961681293, 0), (-0.8937126812272952, -0.38716061812877667, 0.2266797369358452, 0), (0.3983462071001911, -0.9172260891780499, 0.003940524928673861, 0), (-16.0989990234375, 37.74932861328119, 0.012276232242584229, 1) ), ( (0.8986656128476769, -0.4060161731835882, 0.16598022074422164, 0), (0.30314063293516963, 0.8483822566093794, 0.43399661855304505, 0), (-0.3170245850129459, -0.3397027714847369, 0.8854926991984023, 0), (0.000008583068833445395, 33.69309616088867, -0.00003623962396659408, 1) ), ( (0.11930300005626879, -0.9921991488389422, 0.036161349820664435, 0), (0.9923419586377118, 0.11798795422092961, -0.036553530288380154, 0), (0.032001779859436585, 0.04024537293288423, 0.9986772231523664, 0), (-5.684341886080802e-14, 71.0029907226562, 0.0000019073486612342094, 1) ), ( (0.9437706423401271, -0.2797268057710384, -0.17620978630608458, 0), (0.19574723743150096, 0.9023374873519094, -0.38401662288971716, 0), (0.26642109018231896, 0.32793183737135845, 0.9063575944549664, 0), (0.000022053718538472822, 56.54910278320314, 0.00000762939455967171, 1) ), ( (0.7990920131399493, -0.44989584125992443, 0.39879545979779324, 0), (0.3293789767630479, 0.8825351794375791, 0.33562267091719844, 0), (-0.502949923870814, -0.13683955033431655, 0.8534192508906522, 0), (10.555549621582031, 12.943556785583482, 0.0000476837158203125, 1) ), ( (0.8358376118425483, 0.37911252365636167, -0.39705180356068626, 0), (-0.37240877651094867, 0.9229579315493204, 0.09729624175928764, 0), (0.4033470849372357, 0.06654151178063755, 0.9126249558044782, 0), (0.000030517578110789145, 13.36129951477048, 0.000003814697208781581, 1) ), ( (0.8908583544417005, -0.24725733563761948, -0.3810954890625809, 0), (0.2511429933718762, 0.9671070519281377, -0.040387460814956866, 0), (0.37854611806905086, -0.05972993720107811, 0.9236520689848053, 0), (0.0000171661376953125, 11.68478202819825, 0.000019073486328125, 1) ), ( (0.9130471926778684, -0.2633651065627326, 0.31142178051475167, 0), (0.24926467411936626, 0.964696228030663, 0.08501946753289652, 0), (-0.32281859735736995, -3.3752021605382154e-7, 0.9464608566655603, 0), (-0.000023961067142863612, 9.367414474487305, -0.00001430511474609375, 1) ), ( (1, -1.1102230246251565e-16, 0, 0), (0, 1, 5.551115123125783e-17, 0), (0, 0, 1, 0), (-5.684341886080802e-14, 7.619403362274198, 0, 1) ), ( (0.987123117462863, 0.1460593506659272, 0.06522559800325223, 0), (-0.12816973892702052, 0.4782229715066638, 0.8688364276770986, 0), (0.09570905415852224, -0.8660061997251777, 0.4907840521837473, 0), (0.00003147125249824967, 29.137554168701158, -0.036106109619140625, 1) ), ( (0.9927479877506098, 0.1034486080126874, 0.06122894619785336, 0), (-0.10612377674511612, 0.5149548820003222, 0.8506238195842728, 0), (0.05646569521727757, -0.8509527800797824, 0.5221986864933064, 0), (-0.0000014305115030310844, 15.205949783325238, -0.00001525878909092171, 1) ), ( (0.997764534977357, 0.06261446030898647, 0.02335043666286639, 0), (-0.05850831951704252, 0.6496713879877367, 0.7579602528946312, 0), (0.032289146177102136, -0.7576316928027037, 0.6518822263319679, 0), (4.7683710135970614e-7, 14.92873191833499, -0.000005722045923306496, 0.9999999999999999) ), ( (0.9999543045111915, 0.006197417769528327, -0.007278798151421803, 0), (-0.0061971448671810925, 0.9999807957105495, 0.00006004657601078878, 0), (0.007279030500992261, -0.000014936065549801814, 0.9999735073950107, 0), (0.00000762939455967171, 8.051033973693862, -4.76837158203125e-7, 1) ), ( (1.0000000000000002, 0, -8.239936510889834e-17, 0), (1.3877787807814457e-17, 1.0000000000000002, 6.938893903907228e-18, 0), (4.0766001685454967e-17, -6.938893903907228e-18, 1, 0), (2.842170943040401e-14, 7.619398593902574, 2.842170943040401e-14, 1) ), ( (-0.9819770490801984, -0.16580854202477768, 0.09068601498838817, 0), (0.1684230937638599, -0.5501053831016028, 0.817936934252011, 0), (-0.08573153599422861, 0.8184447678684299, 0.5681000865011354, 0), (25.496728897094727, -15.643454551696834, 3.7489142417907715, 1) ), ( (0.9999297768355416, -0.00894881792269603, 0.007951168493116254, 0), (-0.0015064024267263717, -0.7530002682567123, -0.6580373260256445, 0), (0.011875556244143767, 0.6579607456160206, -0.75293982229009, 0), (0, 126.99726867675783, 0.000018190592527389526, 1) ), ( (0.9990748457051777, -0.030365934748809657, -0.030444800030628105, 0), (0.041679770082142444, 0.5098068803684017, 0.8592747324260526, 0), (-0.010571769900623302, -0.8597534175400414, 0.5106036754766763, 0), (-7.152557337519738e-7, 122.50347900390625, 0.00001457706093788147, 1) ), ( (0.9988259561126713, 0.00005846526420279913, 0.048447732812135644, 0), (-0.022626808828672247, 0.8848015490428968, 0.4654193807826069, 0), (-0.042839392638461794, -0.4659688978529512, 0.8837635493109383, 0), (-0.0000014305114675039476, 41.62489318847655, 0.000007927417740916098, 1) ), ( (0.9999999999986701, 0.0000013710524114224354, 8.831630730204987e-7, 0), (-0.0000013710524205384073, 0.9999999403944101, 1.0285233363604984e-7, 0), (-8.831629319666634e-7, -1.0285355062089607e-7, 0.9999999999996048, 0), (0.0000020414590871098426, 16.227260589599624, 0.0000010728836059570312, 1) ), ( (1, 1.734723475976807e-18, 1.3877787807814457e-17, 0), (-1.734723475976807e-18, 1.0000000000000002, 0, 0), (0, 1.3877787807814457e-17, 1.0000000000000002, 0), (3.552713678800501e-15, 7.619421005249052, 0, 1) ), ( (-0.9542702827122521, -0.29896187575221667, -0.0033174273170992613, 0), (0.2727410936158421, -0.8750130106889851, 0.3999516324882355, 0), (-0.12248503226125562, 0.3807943098712251, 0.9166275304425598, 0), (-25.4967555999756, -15.64344978332528, 3.529191493988044, 1) ), ( (0.9968343849185791, -0.03456855423909477, 0.07166255959715931, 0), (0.07679477249103324, 0.6533501742152344, -0.7530612801153598, 0), (-0.02079112198338369, 0.7562758408807618, 0.6540188905160866, 0), (-0.0000021457672119140625, 126.95091247558597, 8.344650268554688e-7, 1) ), ( (0.9945947571923205, -0.10248014552736467, 0.016594976760368058, 0), (-0.026209273883557038, -0.09319956086478204, 0.9952711638222119, 0), (-0.10045538550350232, -0.9903904713067831, -0.09538789344363569, 0), (-4.440892098500626e-16, 122.44097900390625, 0.000006960704915570659, 0.9999999999999998) ), ( (0.9989005896295167, 0.0018726345046955022, -0.04686417657634555, 0), (0.02247378035408353, 0.857911323346349, 0.5133052269418852, 0), (0.041166533462433645, -0.5137940171897577, 0.8569258883341317, 0), (9.569339454174042e-8, 41.73995590209961, 0.0000011262018260183027, 1) ), ( (0.9999999403942126, -5.405745483709479e-7, 0.0000014117540861548921, 0), (5.40574507781888e-7, 0.9999999403952087, 2.8754967872079984e-8, 0), (-0.0000014117541017096154, -2.8754204704772857e-8, 0.9999999403943584, 0), (7.45058065243498e-9, 16.47316551208496, -5.122274160385132e-8, 1) ), ( (1, 1.734723475976807e-18, 4.7704895589362195e-18, 0), (0, 1, -6.938893903907228e-18, 0), (-2.656295322589486e-18, -6.938893903907228e-18, 0.9999999999999999, 0), (-5.551115123125783e-17, 7.619421005249025, 0, 1) )]
            rel skel:animationSource = </Animated_Woman_AssetRoot/Armature/Hips/Animation>

            def SkelAnimation "Animation"
            {
                uniform token[] joints = ["Hips", "Hips/Spine", "Hips/Spine/Spine1", "Hips/Spine/Spine1/Spine2", "Hips/Spine/Spine1/Spine2/Neck", "Hips/Spine/Spine1/Spine2/Neck/Head", "Hips/Spine/Spine1/Spine2/Neck/Head/HeadTop_End", "Hips/Spine/Spine1/Spine2/Neck/Head/HeadTop_End/HeadTop_End_end", "Hips/Spine/Spine1/Spine2/LeftShoulder", "Hips/Spine/Spine1/Spine2/LeftShoulder/LeftArm", "Hips/Spine/Spine1/Spine2/LeftShoulder/LeftArm/LeftForeArm", "Hips/Spine/Spine1/Spine2/LeftShoulder/LeftArm/LeftForeArm/LeftHand", "Hips/Spine/Spine1/Spine2/LeftShoulder/LeftArm/LeftForeArm/LeftHand/LeftHandThumb1", "Hips/Spine/Spine1/Spine2/LeftShoulder/LeftArm/LeftForeArm/LeftHand/LeftHandThumb1/LeftHandThumb2", "Hips/Spine/Spine1/Spine2/LeftShoulder/LeftArm/LeftForeArm/LeftHand/LeftHandThumb1/LeftHandThumb2/LeftHandThumb3", "Hips/Spine/Spine1/Spine2/LeftShoulder/LeftArm/LeftForeArm/LeftHand/LeftHandThumb1/LeftHandThumb2/LeftHandThumb3/LeftHandThumb4", "Hips/Spine/Spine1/Spine2/LeftShoulder/LeftArm/LeftForeArm/LeftHand/LeftHandThumb1/LeftHandThumb2/LeftHandThumb3/LeftHandThumb4/LeftHandThumb4_end", "Hips/Spine/Spine1/Spine2/LeftShoulder/LeftArm/LeftForeArm/LeftHand/LeftHandIndex1", "Hips/Spine/Spine1/Spine2/LeftShoulder/LeftArm/LeftForeArm/LeftHand/LeftHandIndex1/LeftHandIndex2", "Hips/Spine/Spine1/Spine2/LeftShoulder/LeftArm/LeftForeArm/LeftHand/LeftHandIndex1/LeftHandIndex2/LeftHandIndex3", "Hips/Spine/Spine1/Spine2/LeftShoulder/LeftArm/LeftForeArm/LeftHand/LeftHandIndex1/LeftHandIndex2/LeftHandIndex3/LeftHandIndex4", "Hips/Spine/Spine1/Spine2/LeftShoulder/LeftArm/LeftForeArm/LeftHand/LeftHandIndex1/LeftHandIndex2/LeftHandIndex3/LeftHandIndex4/LeftHandIndex4_end", "Hips/Spine/Spine1/Spine2/RightShoulder", "Hips/Spine/Spine1/Spine2/RightShoulder/RightArm", "Hips/Spine/Spine1/Spine2/RightShoulder/RightArm/RightForeArm", "Hips/Spine/Spine1/Spine2/RightShoulder/RightArm/RightForeArm/RightHand", "Hips/Spine/Spine1/Spine2/RightShoulder/RightArm/RightForeArm/RightHand/RightHandThumb1", "Hips/Spine/Spine1/Spine2/RightShoulder/RightArm/RightForeArm/RightHand/RightHandThumb1/RightHandThumb2", "Hips/Spine/Spine1/Spine2/RightShoulder/RightArm/RightForeArm/RightHand/RightHandThumb1/RightHandThumb2/RightHandThumb3", "Hips/Spine/Spine1/Spine2/RightShoulder/RightArm/RightForeArm/RightHand/RightHandThumb1/RightHandThumb2/RightHandThumb3/RightHandThumb4", "Hips/Spine/Spine1/Spine2/RightShoulder/RightArm/RightForeArm/RightHand/RightHandThumb1/RightHandThumb2/RightHandThumb3/RightHandThumb4/RightHandThumb4_end", "Hips/Spine/Spine1/Spine2/RightShoulder/RightArm/RightForeArm/RightHand/RightHandIndex1", "Hips/Spine/Spine1/Spine2/RightShoulder/RightArm/RightForeArm/RightHand/RightHandIndex1/RightHandIndex2", "Hips/Spine/Spine1/Spine2/RightShoulder/RightArm/RightForeArm/RightHand/RightHandIndex1/RightHandIndex2/RightHandIndex3", "Hips/Spine/Spine1/Spine2/RightShoulder/RightArm/RightForeArm/RightHand/RightHandIndex1/RightHandIndex2/RightHandIndex3/RightHandIndex4", "Hips/Spine/Spine1/Spine2/RightShoulder/RightArm/RightForeArm/RightHand/RightHandIndex1/RightHandIndex2/RightHandIndex3/RightHandIndex4/RightHandIndex4_end", "Hips/LeftUpLeg", "Hips/LeftUpLeg/LeftLeg", "Hips/LeftUpLeg/LeftLeg/LeftFoot", "Hips/LeftUpLeg/LeftLeg/LeftFoot/LeftToeBase", "Hips/LeftUpLeg/LeftLeg/LeftFoot/LeftToeBase/LeftToe_End", "Hips/LeftUpLeg/LeftLeg/LeftFoot/LeftToeBase/LeftToe_End/LeftToe_End_end", "Hips/RightUpLeg", "Hips/RightUpLeg/RightLeg", "Hips/RightUpLeg/RightLeg/RightFoot", "Hips/RightUpLeg/RightLeg/RightFoot/RightToeBase", "Hips/RightUpLeg/RightLeg/RightFoot/RightToeBase/RightToe_End", "Hips/RightUpLeg/RightLeg/RightFoot/RightToeBase/RightToe_End/RightToe_End_end"]
                quatf[] rotations = [(0.64279693, 0.76121205, 0.03460376, -0.07855495), (0.9978692, 0.02845674, 0.029804036, 0.050586812), (0.99733526, 0.07172391, -0.0057124114, 0.012058385), (0.99765843, 0.045222793, -0.00789093, 0.050697472), (0.9992533, -0.013240152, 0.0054392465, -0.035888184), (0.9831126, -0.18002376, 0.032509837, 0.0049178503), (0.996322, -0.08568828, -3.677699e-8, -1.0846144e-7), (1, -7.70372e-34, 8.6736174e-19, -3.7947076e-19), (0.4017317, 0.6558247, 0.31524923, -0.5559888), (0.87765074, 0.40313804, 0.109288126, -0.23508507), (0.7469458, -0.028050253, 0.0014420984, 0.66429144), (0.9946954, 0.071635336, 0.04073349, 0.061564136), (0.894232, 0.14512937, 0.34190166, 0.2497796), (0.9715702, -0.014189164, -0.1679317, -0.16627972), (0.97986525, 0.03636635, -0.18601535, 0.06276865), (0.96608585, 0.033473715, 0.19538043, 0.16548155), (1, 1.540744e-33, 1.7347235e-17, -1.2143064e-17), (0.7320691, 0.6588066, -0.031532552, -0.17045356), (0.82799685, 0.54902875, 0.00021750153, -0.1139676), (0.88669413, 0.4547925, 0.0036907233, -0.08320897), (0.99996984, 0.000023233473, -0.006141518, -0.0047570933), (1, 3.469447e-18, -1.3877788e-17, 6.938894e-18), (0.45364383, 0.6303989, -0.31721744, 0.54422194), (0.9529614, 0.20297241, -0.12671158, -0.18604037), (0.7476577, -0.025679834, -0.001390867, -0.66358614), (0.968564, -0.18376383, 0.11424914, -0.12272658), (0.9400858, 0.12564316, -0.23980388, -0.20723543), (0.9580471, 0.0080253, 0.20886199, 0.19610727), (0.97231925, 0.004973299, 0.19531709, -0.12814733), (0.9777787, 0.021737998, -0.1621636, -0.13107), (1, 1.3877788e-17, 0, -4.1633363e-17), (0.8596701, 0.50450855, 0.008864924, 0.079748325), (0.8703306, 0.4887728, -0.0013682415, 0.06019906), (0.90820134, 0.41719615, 0.0024605577, 0.033341393), (0.99998856, 0.000018745875, 0.0036394987, 0.003098676), (1, 5.2041704e-18, 3.0791342e-17, -3.469447e-18), (-0.094912365, 0.0014062545, 0.46469277, 0.8803694), (-0.35142103, 0.9361984, -0.0027919267, 0.005294519), (0.8688335, 0.4946372, 0.005718316, -0.020730628), (0.9704883, 0.23992766, -0.023515766, 0.0058437753), (1, 5.1426472e-8, -4.415815e-7, 6.8552623e-7), (1, -3.469447e-18, -3.469447e-18, 8.6736174e-19), (-0.14769502, -0.032496862, 0.20169029, 0.96770406), (0.90887314, -0.415168, -0.025430402, -0.030633632), (0.6719392, 0.7387801, -0.043548286, -0.028376915), (0.9635529, 0.2664875, 0.022840116, -0.005345103), (1, 1.4377294e-8, -7.058771e-7, -2.7028727e-7), (1, 7.70372e-34, -2.290377e-18, 4.3368087e-19)]
                quatf[] rotations.timeSamples = {
                    0: [(0.64279693, 0.76121205, 0.03460376, -0.07855495), (0.9978692, 0.02845674, 0.029804036, 0.050586812), (0.99733526, 0.07172391, -0.0057124114, 0.012058385), (0.99765843, 0.045222793, -0.00789093, 0.050697472), (0.9992533, -0.013240152, 0.0054392465, -0.035888184), (0.9831126, -0.18002376, 0.032509837, 0.0049178503), (0.996322, -0.08568828, -3.677699e-8, -1.0846144e-7), (1, -7.70372e-34, 8.6736174e-19, -3.7947076e-19), (0.4017317, 0.6558247, 0.31524923, -0.5559888), (0.87765074, 0.40313804, 0.109288126, -0.23508507), (0.7469458, -0.028050253, 0.0014420984, 0.66429144), (0.9946954, 0.071635336, 0.04073349, 0.061564136), (0.894232, 0.14512937, 0.34190166, 0.2497796), (0.9715702, -0.014189164, -0.1679317, -0.16627972), (0.97986525, 0.03636635, -0.18601535, 0.06276865), (0.96608585, 0.033473715, 0.19538043, 0.16548155), (1, 1.540744e-33, 1.7347235e-17, -1.2143064e-17), (0.7320691, 0.6588066, -0.031532552, -0.17045356), (0.82799685, 0.54902875, 0.00021750153, -0.1139676), (0.88669413, 0.4547925, 0.0036907233, -0.08320897), (0.99996984, 0.000023233473, -0.006141518, -0.0047570933), (1, 3.469447e-18, -1.3877788e-17, 6.938894e-18), (0.45364383, 0.6303989, -0.31721744, 0.54422194), (0.9529614, 0.20297241, -0.12671158, -0.18604037), (0.7476577, -0.025679834, -0.001390867, -0.66358614), (0.968564, -0.18376383, 0.11424914, -0.12272658), (0.9400858, 0.12564316, -0.23980388, -0.20723543), (0.9580471, 0.0080253, 0.20886199, 0.19610727), (0.97231925, 0.004973299, 0.19531709, -0.12814733), (0.9777787, 0.021737998, -0.1621636, -0.13107), (1, 1.3877788e-17, 0, -4.1633363e-17), (0.8596701, 0.50450855, 0.008864924, 0.079748325), (0.8703306, 0.4887728, -0.0013682415, 0.06019906), (0.90820134, 0.41719615, 0.0024605577, 0.033341393), (0.99998856, 0.000018745875, 0.0036394987, 0.003098676), (1, 5.2041704e-18, 3.0791342e-17, -3.469447e-18), (-0.094912365, 0.0014062545, 0.46469277, 0.8803694), (-0.35142103, 0.9361984, -0.0027919267, 0.005294519), (0.8688335, 0.4946372, 0.005718316, -0.020730628), (0.9704883, 0.23992766, -0.023515766, 0.0058437753), (1, 5.1426472e-8, -4.415815e-7, 6.8552623e-7), (1, -3.469447e-18, -3.469447e-18, 8.6736174e-19), (-0.14769502, -0.032496862, 0.20169029, 0.96770406), (0.90887314, -0.415168, -0.025430402, -0.030633632), (0.6719392, 0.7387801, -0.043548286, -0.028376915), (0.9635529, 0.2664875, 0.022840116, -0.005345103), (1, 1.4377294e-8, -7.058771e-7, -2.7028727e-7), (1, 7.70372e-34, -2.290377e-18, 4.3368087e-19)],
