#usda 1.0
(
    defaultPrim = "Animated_Woman_AssetRoot"
    endTimeCode = 24
    framesPerSecond = 24
    metersPerUnit = 0.01
    startTimeCode = 0
    timeCodesPerSecond = 24
    upAxis = "Y"
)

def SkelRoot "Animated_Woman_AssetRoot" (
    kind = "assembly"
)
{
    def Xform "Armature"
    {
        float3 xformOp:rotateXYZ.timeSamples = {
            0: (-90.00001, 0, 0),
        }
        float3 xformOp:scale.timeSamples = {
            0: (1, 1, 1),
        }
        double3 xformOp:translate.timeSamples = {
            0: (0, 0, 0),
        }
        uniform token[] xformOpOrder = ["xformOp:translate", "xformOp:rotateXYZ", "xformOp:scale"]

        def Xform "ArmatureShape"
        {
        }

        def Skeleton "Hips" (
            prepend apiSchemas = ["SkelBindingAPI"]
            customData = {
                dictionary Maya = {
                    bool generated = 1
                }
            }
        )
        {
            uniform matrix4d[] bindTransforms = [( (4.371139999999929e-8, 5.210792282599915e-15, -0.9999999999999981, 0), (-1.1920899999767753e-7, 0.9999999999999858, -5.2108924813998314e-15, 0), (0.9999999999999838, 1.1920899999999807e-7, 4.371139999999929e-8, 0), (-9.145275858700018, 284.1609179098008, -0.3623503997528112, 1) ), ( (7.870031215563148e-10, -1.289748271219305e-11, -0.9999999999999999, 0), (0.016385891550208483, 0.9998654843945565, 1.289921923615378e-11, 0), (0.9998654843945564, -0.016385891550208486, 7.871091073027598e-10, 0), (-8.683586220028268, 312.32806133566174, -0.36233500683584946, 1) ), ( (1.0727737524013887e-7, 4.3853777530901e-15, -0.9999999999999885, 0), (0.01638579160395886, 0.9998654876712837, 1.7578349513838742e-9, 0), (0.9998654876712723, -0.01638579160395905, 1.0726356978640243e-7, 0), (-8.145034546601968, 345.18997236400736, -0.36233487378301615, 1) ), ( (1.0172063050327367e-7, -3.73573809819308e-15, -0.9999999999999897, 1.5407439555097887e-33), (0.016385691657708465, 0.9998654909479913, 1.6667525554181495e-9, -4.336808689942018e-19), (0.9998654909479808, -0.016385691657708635, 1.0170631773922869e-7, 6.776263578034403e-21), (-7.529552039663534, 382.7463509924932, -0.3623357659060335, 0.9999999999999999) ), ( (6.379594306099813e-8, -2.1251003257716453e-15, -0.9999999999999959, 0), (0.17074602633911057, 0.98531515199373, 1.0892913496337794e-8, 0), (0.985315151993726, -0.17074602633911123, 6.285916543657673e-8, 0), (-6.837406161601879, 424.99759950514857, -0.36232043619916343, 1) ), ( (2.4277819678210753e-7, -6.07700093719609e-15, -0.999999999999941, 0), (0.17074602633910116, 0.9853151519937299, 4.145337878264533e-8, 0), (0.9853151519936718, -0.17074602633911126, 2.3921284197074176e-7, 0), (-2.062328031281406, 452.5522774717207, -0.3623195006878748, 1) ), ( (4.371529999999954e-8, 4.071306434189957e-15, -0.9999999999999981, 0), (-9.313230000043693e-8, 0.9999999999999913, -4.071287577900318e-15, 0), (0.9999999999999895, 9.313229999999901e-8, 4.371529999999954e-8, 0), (10.750318982693996, 526.4891370012019, -0.36230453004658053, 1) ), ( (1, 0, 0, 0), (0, 1, 0, 0), (0, 0, 1, 0), (0, 0, 0, 1) ), ( (-0.9998299802052852, 0.01643872073239509, -0.008292153415478405, -6.776263578034403e-21), (0.0036574885821727843, -0.2640656884469849, -0.9644974408689484, 1.0842021724855044e-19), (-0.018044748073126525, -0.9643641139154313, 0.26396091624867, 4.336808689942018e-19), (-6.775743786056372, 420.4904535227931, -16.461078454628726, 0.9999999999999999) ), ( (-0.994165588224983, 0.0453813367369479, 0.09784632910499666, -1.3552527156068805e-20), (-0.09940398275564144, -0.033435073470376955, -0.9944855291665222, 1.3552527156068805e-20), (-0.04185960088705051, -0.9984100984365301, 0.03775115084572574, 4.336808689942018e-19), (-6.652495741112158, 411.59352843157257, -48.958257888065624, 0.9999999999999999) ), ( (-0.9991227340658465, 0.04184918034898866, -0.001068991874865241, 0), (-0.0037672753754908945, -0.11531442184197949, -0.9933217275228402, 0), (-0.04169297077077536, -0.9924471157926131, 0.11537155994680501, 0), (-13.714771346125781, 409.21793506587414, -119.61270128032676, 1) ), ( (-0.9900302104929796, -0.08418249431141701, 0.11293246785689744, 0), (-0.10515850681456879, -0.0916758156049573, -0.9902205310839566, 0), (0.093712442710654, -0.9922233633328925, 0.08190935386534576, 0), (-13.927754567116846, 402.6967487877791, -175.7841314205061, 1) ), ( (-0.8056581227502346, 0.145701914510574, -0.574182843785469, 0), (0.5788106451775722, -0.012657829963081508, -0.8153632168032727, 0), (-0.1260678347829405, -0.9892471067957073, -0.07413615923633027, 0), (-4.460755960483318, 402.48960213095773, -189.1197305818949, 1) ), ( (-0.9408146681320319, -0.14293092167875573, -0.30730794003051115, 0), (0.331542753056603, -0.1999618455271227, -0.9220054429885026, 0), (0.07033324221552166, -0.9693218564691415, 0.235514770171928, 0), (3.1126287957843193, 402.32397910564566, -199.7886209212089, 1) ), ( (-0.8975573481677409, -0.4371265281882352, 0.0575477861846391, 0), (0.023862672270230558, -0.17849567538758174, -0.9836517132648117, 0), (0.44025171091456383, -0.8815101855462594, 0.170640468032644, 0), (7.00451314428797, 399.97706742531466, -210.6115893291177, 1) ), ( (-0.9332536788913767, -0.11620714415384159, -0.33990321007140445, 5.421010862427522e-20), (0.3546880061448889, -0.14828619401933874, -0.9231508755448783, 5.421010862427522e-20), (0.05687372551276064, -0.9820924981040134, 0.17960549913126006, 4.336808689942018e-19), (7.2269694319634485, 398.3125747828395, -219.78194155708425, 0.9999999999999999) ), ( (1, 0, 0, 0), (0, 1, 0, 0), (0, 0, 1, 0), (0, 0, 0, 1) ), ( (-0.9897661977468091, -0.0901628285897007, 0.110601659153835, 0), (-0.0705369105626589, -0.36463222960010855, -0.928475942762463, 0), (0.12404289611530789, -0.9267759859720394, 0.3545418043666235, 0), (-16.64369758259147, 400.4297547294406, -201.28119583244546, 1) ), ( (-0.9913591123613396, -0.08359474842863351, 0.10108989266996776, 0), (-0.06929965379678986, -0.3205668989275561, -0.9446869226169905, 0), (0.11137658915470952, -0.9435299210760894, 0.3120037666080991, 0), (-17.948069837559558, 393.68634109936215, -218.45180000327224, 1) ), ( (-0.9929760996690974, -0.07565505949234698, 0.09096634503602366, 0), (-0.0691018213843412, -0.25325056058181566, -0.9649290436002176, 0), (0.09603905299031285, -0.9644376919575969, 0.24624411977451977, 0), (-18.989841129986694, 388.8673046389634, -232.65345834757545, 1) ), ( (-0.9910193247500303, -0.08508240472485638, 0.10316051421820142, 0), (-0.0785349733326177, -0.25406041948895125, -0.9639939835990342, 0), (0.10822748513215706, -0.9634384476914651, 0.24509717023749428, 0), (-19.516253632484354, 386.93756460997577, -240.00582867841263, 1) ), ( (1, 0, 0, 0), (0, 1, 0, 0), (0, 0, 1, 0), (0, 0, 0, 1) ), ( (0.999865096784571, -0.01641302164977419, -0.0007057494665271447, 0), (-0.003653861433573195, -0.26406250635560313, 0.96449816085817, 0), (-0.016016674397263616, -0.9643656821786362, -0.2640871768443691, 0), (-6.898783770362718, 420.4904321866043, 15.736706554839648, 1) ), ( (0.9949116801754571, -0.04162474852429729, 0.09174863290449689, 0), (-0.09316462597681685, -0.03345569195230199, 0.9950889482070646, 0), (-0.03835083857432033, -0.9985730583286123, -0.037163448059835597, 0), (-7.021875082992484, 411.5934984107241, 48.233693323025406, 1) ), ( (0.9992635333076276, -0.0383118799605319, -0.0022634101617272865, 0), (-0.0021717316890216254, -0.11532770279924379, 0.993325216094136, 0), (-0.03831719179791134, -0.9925877536197854, -0.11532617727773475, 0), (-13.636866134978126, 409.21769157943965, 118.88793732482549, 1) ), ( (0.9969694162431892, 0.00962846624327651, 0.07719254571707003, 0), (-0.07698850969335014, -0.020017927434864653, 0.9968310087167056, 0), (0.011143227214928064, -0.999752512463167, -0.019216041080234447, 0), (-13.759683777298763, 402.69602139526756, 175.05963352042812, 1) ), ( (0.8005274652446241, -0.21736862162702278, -0.5584851713171094, 0), (0.5704192336261058, -0.009420417510761487, 0.8212995043566641, 0), (-0.1837864716402876, -0.976044165877208, 0.11644970101901692, 0), (-4.232183904207285, 402.5389859460287, 188.77683853745742, 1) ), ( (0.952396246726136, 0.074044589631426, -0.2957332363645728, 0), (0.30465626373442256, -0.1955851490348498, 0.9321641718853219, 0), (0.011180737004867988, -0.9778869195746905, -0.20883245236487946, 0), (3.3890905370971027, 402.41274784761424, 199.75063441774282, 1) ), ( (0.959208746625996, 0.2799792668377055, -0.03911549661057678, 0), (0.09934947718713799, -0.20431636593787153, 0.9738497742398315, 0), (0.26466571631347197, -0.9380120747144854, -0.22379735877485368, 0), (6.949024140552592, 400.12764839315247, 210.64254237582904, 1) ), ( (0.9320601299172581, 0.017326617443997817, -0.36188790973833196, 0), (0.3574403341100013, -0.20706342608512363, 0.9106919546724275, 0), (-0.059154702839299494, -0.9781740338337606, -0.19918931188026234, 0), (7.879644358752006, 398.21363607656383, 219.76534614993298, 1) ), ( (1, 0, 0, 0), (0, 1, 0, 0), (0, 0, 1, 0), (0, 0, 0, 1) ), ( (0.9976705448877835, 0.014887316071220121, 0.06656869089893647, 0), (-0.0489891021541973, -0.5227105037025104, 0.8511007351349367, 0), (0.047466814424353666, -0.8523802036164748, -0.5207638474519565, 0), (-16.00335801795921, 402.14947344539655, 204.10575736849293, 1) ), ( (0.9984168473254544, 0.008362719413444665, 0.055612126684655594, 0), (-0.05035173048828722, -0.3074954091125795, 0.9502156785411311, 0), (0.02504692651846667, -0.9515124399394603, -0.30658798084748184, 0), (-16.74827461105085, 394.2010473927311, 217.04735812505405, 1) ), ( (0.9987118504211296, 0.003809723742945477, 0.050596219903370834, 0), (-0.049347116909366155, -0.15906897949819973, 0.9860338542293844, 0), (0.011804802230863554, -0.9872602379509582, -0.15867619647055864, 0), (-17.499980505602537, 389.6107037219465, 231.23317246211667, 1) ), ( (0.998274080321598, 0.010009828758269525, 0.05785972072188714, 0), (-0.05553458635947105, -0.15914854249503538, 0.98569184214, 0), (0.019074879937405635, -0.9872037311706124, -0.15831855092995678, 0), (-17.89726583681218, 388.32994850714454, 239.1718058454653, 1) ), ( (1, 0, 0, 0), (0, 1, 0, 0), (0, 0, 1, 0), (0, 0, 0, 1) ), ( (0.0006958672270452847, -0.014239201776955032, 0.999895749179483, 0), (0.05102099115866621, -0.998595646797626, -0.014256218387204325, 0), (0.9986686776716241, 0.051024262052696535, 0.00003160833247184587, 0), (-5.3964549599637905, 268.5174623958408, -25.858953097554114, 1) ), ( (-0.0002580176732703515, 0.004570839985388856, 0.9999870406532075, 0), (-0.07539969961519075, -0.997142118687069, 0.004538378776557189, 0), (0.9971257085278324, -0.07539567737152943, 0.0006019052793013058, 0), (1.2205219602781368, 141.705612603454, -27.669396953744585, 1) ), ( (-0.041860434790029655, 0.00785381176035449, 0.9990911912002379, 0), (0.8736088100637329, -0.48490511262710795, 0.04041476705420916, 0), (0.4847879178610811, 0.8745179784398114, 0.013437371838691481, 0), (-8.427590951975796, 19.584043434946544, -27.11340050251024, 1) ), ( (-0.018353545373730722, 0.05015269068965911, 0.9985708050505818, 0), (0.9995762498427146, -0.02038033285341683, 0.019395694276646447, 0), (0.021324608738353897, 0.9985331649849265, -0.04975885486695682, 0), (27.934236762552402, -0.6038417899749642, -25.431654088899393, 1) ), ( (-0.01835223340462806, 0.05015355917451621, 0.9985707710949278, 0), (0.9995763049704077, -0.02038028553482775, 0.019394307837004354, 0), (0.021324458566888613, 0.9985330841890506, -0.04975968343242648, 0), (44.154529994423285, -0.9388392350454464, -25.116934189060057, 1) ), ( (1, 0, 0, 0), (0, 1, 0, 0), (0, 0, 1, 0), (0, 0, 0, 1) ), ( (-0.0007226301821102851, 0.01424013264806447, 0.9999086895234769, 0), (0.04927197371301474, -0.9986832386050065, 0.014258351150568865, 0), (0.9988902843016361, 0.04928246354636082, 0.000020039992396520337, 0), (-5.615967236407946, 268.5174073128851, 25.134366827293434, 1) ), ( (0.00014210725523725254, -0.00457261956124767, 1.0000000714130939, 0), (-0.08672875797143195, -0.9962232384359603, -0.004543021582243678, 0), (0.9963349459689871, -0.08673595259734351, -0.0005381963612559708, 0), (0.03958655771185162, 141.70545442348876, 26.94467223716928, 1) ), ( (0.041789039525182925, -0.00757684086930599, 0.9991054812869257, 0), (0.8742135703422413, -0.4840299568964909, -0.040235960541999724, 0), (0.4838752523240032, 0.8750667129232599, -0.013602615509189814, 0), (-8.783973841892848, 19.583900773559595, 26.388608578970462, 1) ), ( (0.017991006384644917, -0.050547244019885355, 0.9985692802965642, 0), (0.9996925278659516, -0.02148764829708175, -0.019098882889133306, 0), (0.02241972713939769, 0.9984911241399177, 0.050139389680075586, 0), (27.71408151112562, -0.6040934016414358, 24.7068432816169, 1) ), ( (0.01799053497808027, -0.05054584132662864, 0.9985694396689405, -5.421010862427522e-20), (0.9996925441985887, -0.021487701939905762, -0.01909835520020975, -3.469446951953614e-18), (0.022419778522509662, 0.9984912627131111, 0.05013800707737231, -1.0842021724855044e-19), (44.182580269666936, -0.9390747253740316, 24.39211709439097, 0.9999999999999999) ), ( (1, 0, 0, 0), (0, 1, 0, 0), (0, 0, 1, 0), (0, 0, 0, 1) )]
            uniform token[] joints = ["Hips", "Hips/Spine", "Hips/Spine/Spine1", "Hips/Spine/Spine1/Spine2", "Hips/Spine/Spine1/Spine2/Neck", "Hips/Spine/Spine1/Spine2/Neck/Head", "Hips/Spine/Spine1/Spine2/Neck/Head/HeadTop_End", "Hips/Spine/Spine1/Spine2/Neck/Head/HeadTop_End/HeadTop_End_end", "Hips/Spine/Spine1/Spine2/LeftShoulder", "Hips/Spine/Spine1/Spine2/LeftShoulder/LeftArm", "Hips/Spine/Spine1/Spine2/LeftShoulder/LeftArm/LeftForeArm", "Hips/Spine/Spine1/Spine2/LeftShoulder/LeftArm/LeftForeArm/LeftHand", "Hips/Spine/Spine1/Spine2/LeftShoulder/LeftArm/LeftForeArm/LeftHand/LeftHandThumb1", "Hips/Spine/Spine1/Spine2/LeftShoulder/LeftArm/LeftForeArm/LeftHand/LeftHandThumb1/LeftHandThumb2", "Hips/Spine/Spine1/Spine2/LeftShoulder/LeftArm/LeftForeArm/LeftHand/LeftHandThumb1/LeftHandThumb2/LeftHandThumb3", "Hips/Spine/Spine1/Spine2/LeftShoulder/LeftArm/LeftForeArm/LeftHand/LeftHandThumb1/LeftHandThumb2/LeftHandThumb3/LeftHandThumb4", "Hips/Spine/Spine1/Spine2/LeftShoulder/LeftArm/LeftForeArm/LeftHand/LeftHandThumb1/LeftHandThumb2/LeftHandThumb3/LeftHandThumb4/LeftHandThumb4_end", "Hips/Spine/Spine1/Spine2/LeftShoulder/LeftArm/LeftForeArm/LeftHand/LeftHandIndex1", "Hips/Spine/Spine1/Spine2/LeftShoulder/LeftArm/LeftForeArm/LeftHand/LeftHandIndex1/LeftHandIndex2", "Hips/Spine/Spine1/Spine2/LeftShoulder/LeftArm/LeftForeArm/LeftHand/LeftHandIndex1/LeftHandIndex2/LeftHandIndex3", "Hips/Spine/Spine1/Spine2/LeftShoulder/LeftArm/LeftForeArm/LeftHand/LeftHandIndex1/LeftHandIndex2/LeftHandIndex3/LeftHandIndex4", "Hips/Spine/Spine1/Spine2/LeftShoulder/LeftArm/LeftForeArm/LeftHand/LeftHandIndex1/LeftHandIndex2/LeftHandIndex3/LeftHandIndex4/LeftHandIndex4_end", "Hips/Spine/Spine1/Spine2/RightShoulder", "Hips/Spine/Spine1/Spine2/RightShoulder/RightArm", "Hips/Spine/Spine1/Spine2/RightShoulder/RightArm/RightForeArm", "Hips/Spine/Spine1/Spine2/RightShoulder/RightArm/RightForeArm/RightHand", "Hips/Spine/Spine1/Spine2/RightShoulder/RightArm/RightForeArm/RightHand/RightHandThumb1", "Hips/Spine/Spine1/Spine2/RightShoulder/RightArm/RightForeArm/RightHand/RightHandThumb1/RightHandThumb2", "Hips/Spine/Spine1/Spine2/RightShoulder/RightArm/RightForeArm/RightHand/RightHandThumb1/RightHandThumb2/RightHandThumb3", "Hips/Spine/Spine1/Spine2/RightShoulder/RightArm/RightForeArm/RightHand/RightHandThumb1/RightHandThumb2/RightHandThumb3/RightHandThumb4", "Hips/Spine/Spine1/Spine2/RightShoulder/RightArm/RightForeArm/RightHand/RightHandThumb1/RightHandThumb2/RightHandThumb3/RightHandThumb4/RightHandThumb4_end", "Hips/Spine/Spine1/Spine2/RightShoulder/RightArm/RightForeArm/RightHand/RightHandIndex1", "Hips/Spine/Spine1/Spine2/RightShoulder/RightArm/RightForeArm/RightHand/RightHandIndex1/RightHandIndex2", "Hips/Spine/Spine1/Spine2/RightShoulder/RightArm/RightForeArm/RightHand/RightHandIndex1/RightHandIndex2/RightHandIndex3", "Hips/Spine/Spine1/Spine2/RightShoulder/RightArm/RightForeArm/RightHand/RightHandIndex1/RightHandIndex2/RightHandIndex3/RightHandIndex4", "Hips/Spine/Spine1/Spine2/RightShoulder/RightArm/RightForeArm/RightHand/RightHandIndex1/RightHandIndex2/RightHandIndex3/RightHandIndex4/RightHandIndex4_end", "Hips/LeftUpLeg", "Hips/LeftUpLeg/LeftLeg", "Hips/LeftUpLeg/LeftLeg/LeftFoot", "Hips/LeftUpLeg/LeftLeg/LeftFoot/LeftToeBase", "Hips/LeftUpLeg/LeftLeg/LeftFoot/LeftToeBase/LeftToe_End", "Hips/LeftUpLeg/LeftLeg/LeftFoot/LeftToeBase/LeftToe_End/LeftToe_End_end", "Hips/RightUpLeg", "Hips/RightUpLeg/RightLeg", "Hips/RightUpLeg/RightLeg/RightFoot", "Hips/RightUpLeg/RightLeg/RightFoot/RightToeBase", "Hips/RightUpLeg/RightLeg/RightFoot/RightToeBase/RightToe_End", "Hips/RightUpLeg/RightLeg/RightFoot/RightToeBase/RightToe_End/RightToe_End_end"]
            uniform matrix4d[] restTransforms = [( (0.8701239688663256, -0.4894095805016477, -0.05798331208557846, 0), (-0.02401361907523756, -0.1596164142163159, 0.9868869977923689, 0), (-0.49224733335374876, -0.8573221531761662, -0.1506386528596524, 0), (2.5625619888305664, 5.925285339355469, 259.81530761718744, 1) ), ( (0.9999499542818054, 0.009813701532984859, -0.0018175139436870102, 0), (-0.009717293161416354, 0.9988439821720334, 0.04706971676907186, 0), (0.0022773423741809795, -0.047049727859294316, 0.9988899523070985, 0), (-0.000014901161195624013, 28.167333602905273, 0.46160107851029153, 1.0000000000000002) ), ( (0.999989984447997, 0.00445510537892721, -0.0010661680455821276, 0), (-0.004379888131936738, 0.998041077309595, 0.06240470932192199, 0), (0.0013420980210373523, -0.06239936625672543, 0.9980498208908928, 0), (0.0000011771917360903217, 32.86625289916992, 8.568167686462402e-7, 1.0000000000000002) ), ( (0.9999890448167256, 0.004451820586064706, -0.0011211936272236267, 0), (-0.004373185345522779, 0.9980416285050224, 0.062402094833187094, 0), (0.0013968019263016496, -0.06239655636786101, 0.9980509367624255, 0), (-2.3841858975970354e-7, 37.56148529052729, -0.000005483627305125083, 1) ), ( (0.9906269853610906, -0.1021076784284373, -0.09073277411688613, 0), (0.1264578781263437, 0.9366740186122853, 0.32657413362621096, 0), (0.05164125320552265, -0.33498668414719035, 0.9408059263789098, 0), (-0.000016212463375353536, 42.256553649902344, 0.000013351440443898355, 1.0000000000000002) ), ( (0.9263336778717379, -0.17088085733675906, -0.3357169764177361, 0), (0.19222907873387496, 0.9808573082534502, 0.031152823576777566, 0), (0.3239665651850902, -0.09339234113329731, 0.9414480808490507, 0), (-1.4210854715202004e-14, 27.96527290344244, -0.00000762939455967171, 1.0000000000000002) ), ( (0.9999999999999745, -2.0796401173708845e-7, 8.82517157182322e-8, 0), (2.1997871931661583e-7, 0.9853150273099204, -0.1707462941243595, 0), (-5.144665430299733e-8, 0.1707462839471025, 0.9853149685805889, 0), (-5.960464442011926e-7, 75.03874969482422, -0.0000017285346984863281, 1) ), ( (0.9999999999999999, 1.734723475976807e-18, -1.734723475976807e-18, 0), (-1.734723475976807e-18, 1, 0, 0), (1.734723475976807e-18, -5.551115123125783e-17, 1, 0), (0, 7.61944580078125, 2.842170943040401e-14, 1) ), ( (0.3036137311457217, 0.034695724133144284, -0.9521632785329679, 0), (0.8615077189619584, -0.4368436025680663, 0.2587885643106302, 0), (-0.4069674589054023, -0.89886750787292, -0.1625223018230585, 0), (16.098974227905277, 37.75136566162104, 0.13542842864991655, 1.0000000000000002) ), ( (0.40425428585678747, 0.34310403334317385, 0.8478526763343848, 0), (-0.6263487067103717, 0.7793638672824439, -0.016746703259113205, 0), (-0.6665332310137081, -0.5242827819729892, 0.5299652462656896, 0), (0.0000019073486612342094, 33.693313598632756, -0.000030517578125, 1) ), ( (-0.26390461236542395, 0.962991171729329, -0.05478399273794346, 0), (-0.9631488217499672, -0.2661555642264454, -0.03880772642358085, 0), (-0.05195260269454128, 0.042523633007578665, 0.9977442665250669, 0), (9.536743732496689e-7, 71.04619598388675, 0.0000019073486328125, 1) ), ( (0.6933714551165479, 0.3867550094096006, 0.6079952770021257, 0), (-0.5636060195261084, 0.8168108989868579, 0.12316315895900429, 0), (-0.44898212962762307, -0.4280665961144357, 0.7843289429824608, 0), (-0.000001847743980931682, 56.54916000366211, -0.0000028610229776404594, 1.0000000000000002) ), ( (0.8789602339694464, 0.2975525023492222, -0.37268906275899216, 0), (0.027512763393338524, 0.7485415796028076, 0.6625175508095913, 0), (0.4761034391913871, -0.5925758370977529, 0.6497469106084078, 0), (-10.86100673675535, 12.228765487670898, 0.00012588500982246842, 1) ), ( (0.2773966521106711, -0.8835975746249236, 0.3772418724255989, 0), (0.8550252006481532, 0.4061116176074254, 0.3224936601884426, 0), (-0.438155564975668, 0.23309192354495878, 0.8681495058624088, 0), (0.0000076293945028282906, 13.084568023681605, 0.000051736831608195644, 1) ), ( (0.7709643185795167, -0.41615922649754755, 0.4821134570894807, 0), (0.5113582011038393, 0.855721884006336, -0.07907344040780967, 0), (-0.3796452690807636, 0.30749334518886273, 0.87253143980931, 0), (-0.000011801719637105634, 11.73865699768065, 0.000010728836059570312, 1) ), ( (0.8688846470964139, 0.33281898468081805, -0.3664299036198929, 0), (-0.30665855614263815, 0.9429906701824723, 0.1293406613715834, 0), (0.38858705430824286, -0.00001324974108213306, 0.921412014816655, 0), (0.0000553131103515625, 9.322860717773466, 0.0000095367431640625, 1.0000000000000002) ), ( (0.9999999999999998, -5.551115123125783e-17, -5.551115123125783e-17, 0), (0, 1, -5.551115123125783e-17, 0), (0, 5.551115123125783e-17, 0.9999999999999998, 0), (-2.842170943040401e-14, 7.619419574737535, -5.684341886080802e-14, 0.9999999999999999) ), ( (0.9438845565337319, -0.21221361171753778, -0.2530799729478435, 0), (0.2061757818285161, -0.22003437839590118, 0.9534552407683038, 0), (-0.25802195188961596, -0.9521287088494127, -0.16393341214303947, 0), (0.00000929832460627722, 25.74089241027832, -0.0932536125182537, 1) ), ( (0.9506951335329326, -0.20655056794642646, -0.23133264251496324, 0), (0.21579333840370754, -0.09515270318210026, 0.971793341004996, 0), (-0.22273604760201646, -0.9737977341886459, -0.04588890413639768, 0), (3.552713678800501e-15, 18.493629455566293, -0.00002288818359375, 1) ), ( (0.98655361231342, -0.14587259052802076, -0.07371318878736668, 0), (0.15354055087358365, 0.6726124601224783, 0.7238903105298933, 0), (-0.056015285503439885, -0.7254737860352487, 0.6859648741666234, 0), (0.0000023245811462402344, 15.033184051513615, -0.0000021457672687574814, 1.0000000000000002) ), ( (0.9998794230217013, -0.009514181643300812, 0.012282433962426814, 0), (0.009513610682887419, 0.9999548582928477, 0.000104913769105347, 0), (-0.01228287621681301, 0.000011949174612280178, 0.9999246817774095, 0), (-0.00001335144045810921, 7.619417190551786, 0.00006896257394828353, 1) ), ( (1.0000000000000002, 0, 0, 0), (1.1102230246251565e-16, 1, -1.3877787807814457e-17, 0), (0, 0, 1.0000000000000002, 0), (-2.842170943040401e-14, 7.619417667388902, 5.684341886080802e-14, 1.0000000000000002) ), ( (0.5373408192456863, -0.07767767822254279, 0.8397799868012876, 0), (-0.798838616439312, -0.36614555713281993, 0.4772765082908013, 0), (0.2704083185714471, -0.9273099934526279, -0.2587972065681264, 0), (-16.098987579345703, 37.74934005737293, 0.012277603149414062, 1.0000000000000002) ), ( (0.6566147883842606, -0.4128175367975686, -0.6312209542471889, 0), (0.6410800388943625, 0.746368470869549, 0.17874666490250246, 0), (0.3973336368035556, -0.5220308263336448, 0.7547256131180495, 0), (0.00000715255738725773, 33.69309234619138, -0.00002479553216971908, 1) ), ( (-0.14047634087366606, -0.989026588082714, 0.0457315559460679, 0), (0.9891705603394867, -0.14218160387209594, -0.03643711032415198, 0), (0.042539472088786695, 0.040117771237271754, 0.9982894927924992, 0), (-0.00003242492672939079, 71.00303649902347, 0.000032901763916015625, 1.0000000000000002) ), ( (0.9252730712856043, -0.35648540116571953, -0.1295708978331413, 0), (0.3614817511642812, 0.9322327504411947, 0.016531212860621147, 0), (0.11489715320292486, -0.06213343077177273, 0.9914332999833803, 0), (-0.000011444091796875, 56.54915237426761, 0.00002670288088779671, 0.9999999999999998) ), ( (0.6074519644733323, -0.5951431409768397, 0.5261180438889475, 0), (-0.019422025873874982, 0.6509976788553414, 0.7588311326155684, 0), (-0.7941214904096179, -0.4711757284166328, 0.38389418261526165, 0), (10.555500030517614, 12.943511962890568, -9.5367431640625e-7, 0.9999999999999998) ), ( (0.5116377551361846, 0.6066149254623084, 0.608482033375828, 0), (-0.7905966653497792, 0.055078703323048706, 0.6098578416655421, 0), (0.33643354533270126, -0.7930879890745561, 0.5077666891442135, 0), (-0.000007629394588093419, 13.361305236816396, 0.00001811981195487533, 1) ), ( (0.8255823845293722, 0.5547441963010971, 0.10330136743568652, 0), (-0.5461822480479236, 0.8315923581797355, -0.10070139356102834, 0), (-0.14176812448645415, 0.026715920344326793, 0.9895393162880133, 0), (0.0000057220458984375, 11.68477058410646, -0.000011444091796875, 1) ), ( (0.9130471370623318, -0.2633650575968465, 0.31142179358664757, 0), (0.2492646176309041, 0.9646961221122149, 0.08501943283984503, 0), (-0.3228186021654499, -3.154488340539885e-7, 0.9464607920492847, 0), (0.00005531311032314079, 9.367385864257898, -5.684341886080802e-14, 1) ), ( (0.9999999999999998, -2.7755575615628914e-17, 0, 0), (-2.7755575615628914e-17, 0.9999999999999998, 0, 0), (-2.7755575615628914e-17, 5.551115123125783e-17, 0.9999999999999998, 0), (-5.684341886080802e-14, 7.619403362274198, 0, 0.9999999999999998) ), ( (0.9795282625840519, 0.1347347118951865, 0.1495663924307093, 0), (-0.1324438459257507, -0.12818787352473343, 0.9828668333062561, 0), (0.15159886837733583, -0.982554931250031, -0.10771885519440104, 0), (-0.000013351440379949508, 29.137561798095646, -0.03610420227050781, 0.9999999999999998) ), ( (0.9806229369089924, 0.12399622029292057, 0.15167171198650364, 0), (-0.13439644403491846, -0.13750031211394365, 0.9813415613329219, 0), (0.14253756915043042, -0.9827102998849613, -0.11817132289705234, 0), (-0.0000152587890625, 15.20594787597662, -0.000007629394474406581, 1) ), ( (0.9948440291019841, 0.09020247335630671, 0.04635849414216317, 0), (-0.0944079657343399, 0.6566771492442138, 0.7482403946449179, 0), (0.037050495400472644, -0.7487575826693939, 0.6618058317975869, 0), (-0.000012397766083083184, 14.928726196289034, 0.000024795532340249338, 1) ), ( (0.9999543046848114, 0.006197378759739858, -0.007278807513849406, 0), (-0.006197105826551086, 0.9999807959522491, 0.0000600506517510202, 0), (0.00727903945405145, -0.000014940366372603875, 0.9999734477235512, 0), (-0.000009536743142746218, 8.051040649414062, -0.000005483627262492519, 0.9999999999999998) ), ( (0.9999999999999998, -5.551115123125783e-17, 0, 0), (5.551115123125783e-17, 0.9999999999999999, 1.3877787807814457e-17, 0), (0, 0, 0.9999999999999998, 0), (-3.552713678800501e-15, 7.619398593902602, 0, 0.9999999999999998) ), ( (-0.8704863503299195, -0.2905274651841562, 0.3972958192652469, 0), (0.46978869089380354, -0.7311907477608751, 0.4946280300980075, 0), (0.14679212323980007, 0.617195734082579, 0.7729576725212275, 0), (25.496736526489258, -15.643453598022433, 3.7488927841186523, 1.0000000000000002) ), ( (0.9857199136176852, -0.16835510604913698, 0.003805140664540907, 0), (0.123977929639951, 0.7102285888970366, -0.6929848131174294, 0), (0.11396203678818359, 0.6835428381951296, 0.720939959063567, 0), (0.00001049041748046875, 126.99727630615232, -0.000013351440415476645, 1) ), ( (0.9169490632499468, -0.23641014714849093, 0.3214556443858964, 0), (-0.2432711997307028, 0.307357198402226, 0.9199703423317825, 0), (-0.3162872606368745, -0.9217529437869054, 0.22431573233504706, 0), (0.0000030994415425311672, 122.50347900390622, -4.76837158203125e-7, 1) ), ( (0.9988288395113738, -0.0000036788861512426774, 0.048375966049464064, 0), (-0.022613817383831225, 0.8839796052011235, 0.46697951233972507, 0), (-0.042765115922063536, -0.467526904048965, 0.8829448715520717, 0), (0.000013523735113096791, 41.62490844726563, -0.0000022649765014648438, 1) ), ( (0.9999999403940564, 0.0000013463431114690838, 8.859206588615956e-7, 0), (-0.0000013463432795846053, 0.9999999999990886, 9.918525845087345e-8, 0), (-8.859205781423102e-7, -9.918645120336744e-8, 0.9999999999996025, 0), (0.0000018557766452431679, 16.227252960205078, 1.806765785872244e-7, 0.9999999999999999) ), ( (0.9999999999999999, 0, -1.1275702593849246e-17, 0), (-2.7755575615628914e-17, 0.9999999999999997, 3.469446951953614e-18, 0), (-2.6020852139652106e-18, 1.734723475976807e-18, 0.9999999999999998, 0), (-7.105427357601002e-15, 7.619421005248995, 8.881784197001252e-16, 0.9999999999999998) ), ( (-0.9815021151390018, 0.1500386654382329, -0.11900229943249085, 0), (-0.1906898281448719, -0.8228361738072888, 0.5353277085496714, 0), (-0.01760126739042772, 0.5481715485571759, 0.8363082833203465, 0), (-25.496749877929695, -15.643409729003878, 3.5291709899902344, 1.0000000000000002) ), ( (0.9926893459822768, -0.09496224085940169, -0.07443292313476235, 0), (0.01576772091421577, 0.7136734568410602, -0.7002221590461409, 0), (0.11963001931165285, 0.6940138630905086, 0.7100397482452823, 0), (-0.0000057220458984375, 126.95091247558594, 0.000005722045884226645, 0.9999999999999998) ), ( (0.9464662323327725, 0.16731332429683324, 0.2760841649800883, 0), (-0.3000820763650644, 0.14075016096883547, 0.9434375741890629, 0), (0.11899673684936879, -0.975828514325279, 0.18343217726137342, 0), (0.000004291534423828125, 122.44097900390622, 0.000001907348622154359, 1) ), ( (0.998794594926727, 0.0000024910505544983863, -0.04910462797428222, 0), (0.02290177123150311, 0.8845578780921481, 0.46586991374107745, 0), (0.04343699942809713, -0.466432434312125, 0.8834906226062046, 0), (0.000004656612873077393, 41.73994827270508, -0.0000011324882471797082, 1.0000000000000002) ), ( (0.9999999999988228, -6.016926183405324e-7, 0.0000014114192992123117, 0), (6.01692537405274e-7, 0.9999999403951736, 3.2131052743814004e-8, 0), (-0.0000014114193185466722, -3.2130205414662716e-8, 0.9999999999990031, 0), (0.000001769512905980264, 16.473165512084954, -1.266598710358835e-7, 1) ), ( (1, 0, 1.734723475976807e-18, 0), (0, 1, 0, 0), (2.6020852139652106e-18, -1.734723475976807e-18, 1, 0), (0, 7.619421005249023, 0, 1.0000000000000002) )]
            rel skel:animationSource = </Animated_Woman_AssetRoot/Armature/Hips/Animation>

            def SkelAnimation "Animation"
            {
                uniform token[] joints = ["Hips", "Hips/Spine", "Hips/Spine/Spine1", "Hips/Spine/Spine1/Spine2", "Hips/Spine/Spine1/Spine2/Neck", "Hips/Spine/Spine1/Spine2/Neck/Head", "Hips/Spine/Spine1/Spine2/Neck/Head/HeadTop_End", "Hips/Spine/Spine1/Spine2/Neck/Head/HeadTop_End/HeadTop_End_end", "Hips/Spine/Spine1/Spine2/LeftShoulder", "Hips/Spine/Spine1/Spine2/LeftShoulder/LeftArm", "Hips/Spine/Spine1/Spine2/LeftShoulder/LeftArm/LeftForeArm", "Hips/Spine/Spine1/Spine2/LeftShoulder/LeftArm/LeftForeArm/LeftHand", "Hips/Spine/Spine1/Spine2/LeftShoulder/LeftArm/LeftForeArm/LeftHand/LeftHandThumb1", "Hips/Spine/Spine1/Spine2/LeftShoulder/LeftArm/LeftForeArm/LeftHand/LeftHandThumb1/LeftHandThumb2", "Hips/Spine/Spine1/Spine2/LeftShoulder/LeftArm/LeftForeArm/LeftHand/LeftHandThumb1/LeftHandThumb2/LeftHandThumb3", "Hips/Spine/Spine1/Spine2/LeftShoulder/LeftArm/LeftForeArm/LeftHand/LeftHandThumb1/LeftHandThumb2/LeftHandThumb3/LeftHandThumb4", "Hips/Spine/Spine1/Spine2/LeftShoulder/LeftArm/LeftForeArm/LeftHand/LeftHandThumb1/LeftHandThumb2/LeftHandThumb3/LeftHandThumb4/LeftHandThumb4_end", "Hips/Spine/Spine1/Spine2/LeftShoulder/LeftArm/LeftForeArm/LeftHand/LeftHandIndex1", "Hips/Spine/Spine1/Spine2/LeftShoulder/LeftArm/LeftForeArm/LeftHand/LeftHandIndex1/LeftHandIndex2", "Hips/Spine/Spine1/Spine2/LeftShoulder/LeftArm/LeftForeArm/LeftHand/LeftHandIndex1/LeftHandIndex2/LeftHandIndex3", "Hips/Spine/Spine1/Spine2/LeftShoulder/LeftArm/LeftForeArm/LeftHand/LeftHandIndex1/LeftHandIndex2/LeftHandIndex3/LeftHandIndex4", "Hips/Spine/Spine1/Spine2/LeftShoulder/LeftArm/LeftForeArm/LeftHand/LeftHandIndex1/LeftHandIndex2/LeftHandIndex3/LeftHandIndex4/LeftHandIndex4_end", "Hips/Spine/Spine1/Spine2/RightShoulder", "Hips/Spine/Spine1/Spine2/RightShoulder/RightArm", "Hips/Spine/Spine1/Spine2/RightShoulder/RightArm/RightForeArm", "Hips/Spine/Spine1/Spine2/RightShoulder/RightArm/RightForeArm/RightHand", "Hips/Spine/Spine1/Spine2/RightShoulder/RightArm/RightForeArm/RightHand/RightHandThumb1", "Hips/Spine/Spine1/Spine2/RightShoulder/RightArm/RightForeArm/RightHand/RightHandThumb1/RightHandThumb2", "Hips/Spine/Spine1/Spine2/RightShoulder/RightArm/RightForeArm/RightHand/RightHandThumb1/RightHandThumb2/RightHandThumb3", "Hips/Spine/Spine1/Spine2/RightShoulder/RightArm/RightForeArm/RightHand/RightHandThumb1/RightHandThumb2/RightHandThumb3/RightHandThumb4", "Hips/Spine/Spine1/Spine2/RightShoulder/RightArm/RightForeArm/RightHand/RightHandThumb1/RightHandThumb2/RightHandThumb3/RightHandThumb4/RightHandThumb4_end", "Hips/Spine/Spine1/Spine2/RightShoulder/RightArm/RightForeArm/RightHand/RightHandIndex1", "Hips/Spine/Spine1/Spine2/RightShoulder/RightArm/RightForeArm/RightHand/RightHandIndex1/RightHandIndex2", "Hips/Spine/Spine1/Spine2/RightShoulder/RightArm/RightForeArm/RightHand/RightHandIndex1/RightHandIndex2/RightHandIndex3", "Hips/Spine/Spine1/Spine2/RightShoulder/RightArm/RightForeArm/RightHand/RightHandIndex1/RightHandIndex2/RightHandIndex3/RightHandIndex4", "Hips/Spine/Spine1/Spine2/RightShoulder/RightArm/RightForeArm/RightHand/RightHandIndex1/RightHandIndex2/RightHandIndex3/RightHandIndex4/RightHandIndex4_end", "Hips/LeftUpLeg", "Hips/LeftUpLeg/LeftLeg", "Hips/LeftUpLeg/LeftLeg/LeftFoot", "Hips/LeftUpLeg/LeftLeg/LeftFoot/LeftToeBase", "Hips/LeftUpLeg/LeftLeg/LeftFoot/LeftToeBase/LeftToe_End", "Hips/LeftUpLeg/LeftLeg/LeftFoot/LeftToeBase/LeftToe_End/LeftToe_End_end", "Hips/RightUpLeg", "Hips/RightUpLeg/RightLeg", "Hips/RightUpLeg/RightLeg/RightFoot", "Hips/RightUpLeg/RightLeg/RightFoot/RightToeBase", "Hips/RightUpLeg/RightLeg/RightFoot/RightToeBase/RightToe_End", "Hips/RightUpLeg/RightLeg/RightFoot/RightToeBase/RightToe_End/RightToe_End_end"]
                quatf[] rotations = [(0.62447363, 0.73830533, -0.17385195, -0.18631534), (0.9997105, 0.023536678, 0.0010240106, 0.004884164), (0.99951005, 0.031216325, 0.0006023617, 0.0022098308), (0.99951005, 0.031214947, 0.0006298074, 0.0022073332), (0.9833752, 0.1681863, 0.036195252, -0.058107402), (0.9808971, 0.03174264, 0.16813265, -0.09254527), (0.996322, -0.08568831, -3.505352e-8, -1.0738063e-7), (1, 1.3877788e-17, 8.6736174e-19, 8.6736174e-19), (0.4195973, 0.6897427, 0.32483262, -0.49262246), (0.82364786, 0.15405113, -0.45965847, 0.2942559), (0.60573995, -0.033566933, 0.001168589, 0.79495347), (0.9075394, 0.15184744, -0.2911657, 0.2617959), (0.90515864, 0.34665072, 0.23443224, 0.07458331), (0.79869574, 0.027983665, -0.2552278, -0.54420656), (0.93530977, -0.10332613, -0.23034027, -0.24791676), (0.96608585, 0.03347371, 0.1953804, 0.16548157), (1, -3.1225023e-17, 1.3877788e-17, -1.7347235e-17), (0.6244829, 0.7628649, -0.0019786109, -0.16749422), (0.6726169, 0.7231419, 0.003195206, -0.15697779), (0.91448504, 0.39622438, 0.0048381933, -0.081852935), (0.99996984, 0.000023241848, -0.006141512, -0.004757091), (1, -3.469447e-18, 0, -2.0816682e-17), (0.47759762, 0.73523533, -0.2980396, 0.37749428), (0.88849705, 0.19718052, 0.2894084, -0.29653934), (-0.6549105, 0.029223394, 0.0012185393, 0.7551402), (0.9809355, 0.020048358, 0.062304784, -0.18298018), (0.8127644, 0.3783398, -0.40609467, -0.17708793), (0.7201529, 0.48702976, -0.09444085, 0.48503888), (0.95481855, -0.033361632, -0.06416653, 0.2882554), (0.9777787, 0.021737987, -0.1621636, -0.13106999), (1, -3.081488e-33, 2.0816682e-17, 6.938894e-18), (0.6602314, 0.7442169, 0.00076959067, 0.101168536), (0.65668696, 0.7477122, -0.0034773634, 0.098369785), (0.91012734, 0.41120574, -0.002556771, 0.050710034), (0.99998856, 0.000018747969, 0.0036395034, 0.0030986567), (1, 3.469447e-18, 0, -2.7755576e-17), (-0.20694254, 0.1480908, 0.30262035, 0.9185123), (0.9242415, -0.3723402, 0.029796991, -0.07907335), (0.7824027, 0.5884864, -0.20377691, 0.0021932265), (0.9702773, 0.24078314, -0.02348325, 0.0058256863), (1, 4.9592927e-8, -4.4296033e-7, 6.731716e-7), (1, -4.3368087e-19, 2.1684043e-18, 6.938894e-18), (0.08928807, -0.035796367, 0.2839174, 0.9540111), (0.92417574, -0.37715554, 0.052494332, -0.02995407), (0.75343245, 0.63684314, -0.052124225, 0.15509155), (0.9704175, 0.24018052, 0.023840653, -0.0058993315), (1, 1.6065314e-8, -7.057097e-7, -3.008463e-7), (1, 4.3368087e-19, 2.1684043e-19, 0)]
                quatf[] rotations.timeSamples = {
                    0: [(0.62447363, 0.73830533, -0.17385195, -0.18631534), (0.9997105, 0.023536678, 0.0010240106, 0.004884164), (0.99951005, 0.031216325, 0.0006023617, 0.0022098308), (0.99951005, 0.031214947, 0.0006298074, 0.0022073332), (0.9833752, 0.1681863, 0.036195252, -0.058107402), (0.9808971, 0.03174264, 0.16813265, -0.09254527), (0.996322, -0.08568831, -3.505352e-8, -1.0738063e-7), (1, 1.3877788e-17, 8.6736174e-19, 8.6736174e-19), (0.4195973, 0.6897427, 0.32483262, -0.49262246), (0.82364786, 0.15405113, -0.45965847, 0.2942559), (0.60573995, -0.033566933, 0.001168589, 0.79495347), (0.9075394, 0.15184744, -0.2911657, 0.2617959), (0.90515864, 0.34665072, 0.23443224, 0.07458331), (0.79869574, 0.027983665, -0.2552278, -0.54420656), (0.93530977, -0.10332613, -0.23034027, -0.24791676), (0.96608585, 0.03347371, 0.1953804, 0.16548157), (1, -3.1225023e-17, 1.3877788e-17, -1.7347235e-17), (0.6244829, 0.7628649, -0.0019786109, -0.16749422), (0.6726169, 0.7231419, 0.003195206, -0.15697779), (0.91448504, 0.39622438, 0.0048381933, -0.081852935), (0.99996984, 0.000023241848, -0.006141512, -0.004757091), (1, -3.469447e-18, 0, -2.0816682e-17), (0.47759762, 0.73523533, -0.2980396, 0.37749428), (0.88849705, 0.19718052, 0.2894084, -0.29653934), (-0.6549105, 0.029223394, 0.0012185393, 0.7551402), (0.9809355, 0.020048358, 0.062304784, -0.18298018), (0.8127644, 0.3783398, -0.40609467, -0.17708793), (0.7201529, 0.48702976, -0.09444085, 0.48503888), (0.95481855, -0.033361632, -0.06416653, 0.2882554), (0.9777787, 0.021737987, -0.1621636, -0.13106999), (1, -3.081488e-33, 2.0816682e-17, 6.938894e-18), (0.6602314, 0.7442169, 0.00076959067, 0.101168536), (0.65668696, 0.7477122, -0.0034773634, 0.098369785), (0.91012734, 0.41120574, -0.002556771, 0.050710034), (0.99998856, 0.000018747969, 0.0036395034, 0.0030986567), (1, 3.469447e-18, 0, -2.7755576e-17), (-0.20694254, 0.1480908, 0.30262035, 0.9185123), (0.9242415, -0.3723402, 0.029796991, -0.07907335), (0.7824027, 0.5884864, -0.20377691, 0.0021932265), (0.9702773, 0.24078314, -0.02348325, 0.0058256863), (1, 4.9592927e-8, -4.4296033e-7, 6.731716e-7), (1, -4.3368087e-19, 2.1684043e-18, 6.938894e-18), (0.08928807, -0.035796367, 0.2839174, 0.9540111), (0.92417574, -0.37715554, 0.052494332, -0.02995407), (0.75343245, 0.63684314, -0.052124225, 0.15509155), (0.9704175, 0.24018052, 0.023840653, -0.0058993315), (1, 1.6065314e-8, -7.057097e-7, -3.008463e-7), (1, 4.3368087e-19, 2.1684043e-19, 0)],
