#usda 1.0
(
    defaultPrim = "Animated_Woman_AssetRoot"
    endTimeCode = 62
    framesPerSecond = 24
    metersPerUnit = 0.01
    startTimeCode = 0
    timeCodesPerSecond = 24
    upAxis = "Y"
)

def SkelRoot "Animated_Woman_AssetRoot" (
    kind = "assembly"
)
{
    def Xform "Armature"
    {
        float3 xformOp:rotateXYZ.timeSamples = {
            0: (-90.00001, 0, 0),
        }
        float3 xformOp:scale.timeSamples = {
            0: (1, 1, 1),
        }
        double3 xformOp:translate.timeSamples = {
            0: (0, 0, 0),
        }
        uniform token[] xformOpOrder = ["xformOp:translate", "xformOp:rotateXYZ", "xformOp:scale"]

        def Xform "ArmatureShape"
        {
        }

        def Skeleton "Hips" (
            prepend apiSchemas = ["SkelBindingAPI"]
            customData = {
                dictionary Maya = {
                    bool generated = 1
                }
            }
        )
        {
            uniform matrix4d[] bindTransforms = [( (4.371139999999929e-8, 5.210792282599915e-15, -0.9999999999999981, 0), (-1.1920899999767753e-7, 0.9999999999999858, -5.2108924813998314e-15, 0), (0.9999999999999838, 1.1920899999999807e-7, 4.371139999999929e-8, 0), (-9.145275858700018, 284.1609179098008, -0.3623503997528112, 1) ), ( (7.870031215563148e-10, -1.289748271219305e-11, -0.9999999999999999, 0), (0.016385891550208483, 0.9998654843945565, 1.289921923615378e-11, 0), (0.9998654843945564, -0.016385891550208486, 7.871091073027598e-10, 0), (-8.683586220028268, 312.32806133566174, -0.36233500683584946, 1) ), ( (1.0727737524013887e-7, 4.3853777530901e-15, -0.9999999999999885, 0), (0.01638579160395886, 0.9998654876712837, 1.7578349513838742e-9, 0), (0.9998654876712723, -0.01638579160395905, 1.0726356978640243e-7, 0), (-8.145034546601968, 345.18997236400736, -0.36233487378301615, 1) ), ( (1.0172063050327367e-7, -3.73573809819308e-15, -0.9999999999999897, 1.5407439555097887e-33), (0.016385691657708465, 0.9998654909479913, 1.6667525554181495e-9, -4.336808689942018e-19), (0.9998654909479808, -0.016385691657708635, 1.0170631773922869e-7, 6.776263578034403e-21), (-7.529552039663534, 382.7463509924932, -0.3623357659060335, 0.9999999999999999) ), ( (6.379594306099813e-8, -2.1251003257716453e-15, -0.9999999999999959, 0), (0.17074602633911057, 0.98531515199373, 1.0892913496337794e-8, 0), (0.985315151993726, -0.17074602633911123, 6.285916543657673e-8, 0), (-6.837406161601879, 424.99759950514857, -0.36232043619916343, 1) ), ( (2.4277819678210753e-7, -6.07700093719609e-15, -0.999999999999941, 0), (0.17074602633910116, 0.9853151519937299, 4.145337878264533e-8, 0), (0.9853151519936718, -0.17074602633911126, 2.3921284197074176e-7, 0), (-2.062328031281406, 452.5522774717207, -0.3623195006878748, 1) ), ( (4.371529999999954e-8, 4.071306434189957e-15, -0.9999999999999981, 0), (-9.313230000043693e-8, 0.9999999999999913, -4.071287577900318e-15, 0), (0.9999999999999895, 9.313229999999901e-8, 4.371529999999954e-8, 0), (10.750318982693996, 526.4891370012019, -0.36230453004658053, 1) ), ( (1, 0, 0, 0), (0, 1, 0, 0), (0, 0, 1, 0), (0, 0, 0, 1) ), ( (-0.9998299802052852, 0.01643872073239509, -0.008292153415478405, -6.776263578034403e-21), (0.0036574885821727843, -0.2640656884469849, -0.9644974408689484, 1.0842021724855044e-19), (-0.018044748073126525, -0.9643641139154313, 0.26396091624867, 4.336808689942018e-19), (-6.775743786056372, 420.4904535227931, -16.461078454628726, 0.9999999999999999) ), ( (-0.994165588224983, 0.0453813367369479, 0.09784632910499666, -1.3552527156068805e-20), (-0.09940398275564144, -0.033435073470376955, -0.9944855291665222, 1.3552527156068805e-20), (-0.04185960088705051, -0.9984100984365301, 0.03775115084572574, 4.336808689942018e-19), (-6.652495741112158, 411.59352843157257, -48.958257888065624, 0.9999999999999999) ), ( (-0.9991227340658465, 0.04184918034898866, -0.001068991874865241, 0), (-0.0037672753754908945, -0.11531442184197949, -0.9933217275228402, 0), (-0.04169297077077536, -0.9924471157926131, 0.11537155994680501, 0), (-13.714771346125781, 409.21793506587414, -119.61270128032676, 1) ), ( (-0.9900302104929796, -0.08418249431141701, 0.11293246785689744, 0), (-0.10515850681456879, -0.0916758156049573, -0.9902205310839566, 0), (0.093712442710654, -0.9922233633328925, 0.08190935386534576, 0), (-13.927754567116846, 402.6967487877791, -175.7841314205061, 1) ), ( (-0.8056581227502346, 0.145701914510574, -0.574182843785469, 0), (0.5788106451775722, -0.012657829963081508, -0.8153632168032727, 0), (-0.1260678347829405, -0.9892471067957073, -0.07413615923633027, 0), (-4.460755960483318, 402.48960213095773, -189.1197305818949, 1) ), ( (-0.9408146681320319, -0.14293092167875573, -0.30730794003051115, 0), (0.331542753056603, -0.1999618455271227, -0.9220054429885026, 0), (0.07033324221552166, -0.9693218564691415, 0.235514770171928, 0), (3.1126287957843193, 402.32397910564566, -199.7886209212089, 1) ), ( (-0.8975573481677409, -0.4371265281882352, 0.0575477861846391, 0), (0.023862672270230558, -0.17849567538758174, -0.9836517132648117, 0), (0.44025171091456383, -0.8815101855462594, 0.170640468032644, 0), (7.00451314428797, 399.97706742531466, -210.6115893291177, 1) ), ( (-0.9332536788913767, -0.11620714415384159, -0.33990321007140445, 5.421010862427522e-20), (0.3546880061448889, -0.14828619401933874, -0.9231508755448783, 5.421010862427522e-20), (0.05687372551276064, -0.9820924981040134, 0.17960549913126006, 4.336808689942018e-19), (7.2269694319634485, 398.3125747828395, -219.78194155708425, 0.9999999999999999) ), ( (1, 0, 0, 0), (0, 1, 0, 0), (0, 0, 1, 0), (0, 0, 0, 1) ), ( (-0.9897661977468091, -0.0901628285897007, 0.110601659153835, 0), (-0.0705369105626589, -0.36463222960010855, -0.928475942762463, 0), (0.12404289611530789, -0.9267759859720394, 0.3545418043666235, 0), (-16.64369758259147, 400.4297547294406, -201.28119583244546, 1) ), ( (-0.9913591123613396, -0.08359474842863351, 0.10108989266996776, 0), (-0.06929965379678986, -0.3205668989275561, -0.9446869226169905, 0), (0.11137658915470952, -0.9435299210760894, 0.3120037666080991, 0), (-17.948069837559558, 393.68634109936215, -218.45180000327224, 1) ), ( (-0.9929760996690974, -0.07565505949234698, 0.09096634503602366, 0), (-0.0691018213843412, -0.25325056058181566, -0.9649290436002176, 0), (0.09603905299031285, -0.9644376919575969, 0.24624411977451977, 0), (-18.989841129986694, 388.8673046389634, -232.65345834757545, 1) ), ( (-0.9910193247500303, -0.08508240472485638, 0.10316051421820142, 0), (-0.0785349733326177, -0.25406041948895125, -0.9639939835990342, 0), (0.10822748513215706, -0.9634384476914651, 0.24509717023749428, 0), (-19.516253632484354, 386.93756460997577, -240.00582867841263, 1) ), ( (1, 0, 0, 0), (0, 1, 0, 0), (0, 0, 1, 0), (0, 0, 0, 1) ), ( (0.999865096784571, -0.01641302164977419, -0.0007057494665271447, 0), (-0.003653861433573195, -0.26406250635560313, 0.96449816085817, 0), (-0.016016674397263616, -0.9643656821786362, -0.2640871768443691, 0), (-6.898783770362718, 420.4904321866043, 15.736706554839648, 1) ), ( (0.9949116801754571, -0.04162474852429729, 0.09174863290449689, 0), (-0.09316462597681685, -0.03345569195230199, 0.9950889482070646, 0), (-0.03835083857432033, -0.9985730583286123, -0.037163448059835597, 0), (-7.021875082992484, 411.5934984107241, 48.233693323025406, 1) ), ( (0.9992635333076276, -0.0383118799605319, -0.0022634101617272865, 0), (-0.0021717316890216254, -0.11532770279924379, 0.993325216094136, 0), (-0.03831719179791134, -0.9925877536197854, -0.11532617727773475, 0), (-13.636866134978126, 409.21769157943965, 118.88793732482549, 1) ), ( (0.9969694162431892, 0.00962846624327651, 0.07719254571707003, 0), (-0.07698850969335014, -0.020017927434864653, 0.9968310087167056, 0), (0.011143227214928064, -0.999752512463167, -0.019216041080234447, 0), (-13.759683777298763, 402.69602139526756, 175.05963352042812, 1) ), ( (0.8005274652446241, -0.21736862162702278, -0.5584851713171094, 0), (0.5704192336261058, -0.009420417510761487, 0.8212995043566641, 0), (-0.1837864716402876, -0.976044165877208, 0.11644970101901692, 0), (-4.232183904207285, 402.5389859460287, 188.77683853745742, 1) ), ( (0.952396246726136, 0.074044589631426, -0.2957332363645728, 0), (0.30465626373442256, -0.1955851490348498, 0.9321641718853219, 0), (0.011180737004867988, -0.9778869195746905, -0.20883245236487946, 0), (3.3890905370971027, 402.41274784761424, 199.75063441774282, 1) ), ( (0.959208746625996, 0.2799792668377055, -0.03911549661057678, 0), (0.09934947718713799, -0.20431636593787153, 0.9738497742398315, 0), (0.26466571631347197, -0.9380120747144854, -0.22379735877485368, 0), (6.949024140552592, 400.12764839315247, 210.64254237582904, 1) ), ( (0.9320601299172581, 0.017326617443997817, -0.36188790973833196, 0), (0.3574403341100013, -0.20706342608512363, 0.9106919546724275, 0), (-0.059154702839299494, -0.9781740338337606, -0.19918931188026234, 0), (7.879644358752006, 398.21363607656383, 219.76534614993298, 1) ), ( (1, 0, 0, 0), (0, 1, 0, 0), (0, 0, 1, 0), (0, 0, 0, 1) ), ( (0.9976705448877835, 0.014887316071220121, 0.06656869089893647, 0), (-0.0489891021541973, -0.5227105037025104, 0.8511007351349367, 0), (0.047466814424353666, -0.8523802036164748, -0.5207638474519565, 0), (-16.00335801795921, 402.14947344539655, 204.10575736849293, 1) ), ( (0.9984168473254544, 0.008362719413444665, 0.055612126684655594, 0), (-0.05035173048828722, -0.3074954091125795, 0.9502156785411311, 0), (0.02504692651846667, -0.9515124399394603, -0.30658798084748184, 0), (-16.74827461105085, 394.2010473927311, 217.04735812505405, 1) ), ( (0.9987118504211296, 0.003809723742945477, 0.050596219903370834, 0), (-0.049347116909366155, -0.15906897949819973, 0.9860338542293844, 0), (0.011804802230863554, -0.9872602379509582, -0.15867619647055864, 0), (-17.499980505602537, 389.6107037219465, 231.23317246211667, 1) ), ( (0.998274080321598, 0.010009828758269525, 0.05785972072188714, 0), (-0.05553458635947105, -0.15914854249503538, 0.98569184214, 0), (0.019074879937405635, -0.9872037311706124, -0.15831855092995678, 0), (-17.89726583681218, 388.32994850714454, 239.1718058454653, 1) ), ( (1, 0, 0, 0), (0, 1, 0, 0), (0, 0, 1, 0), (0, 0, 0, 1) ), ( (0.0006958672270452847, -0.014239201776955032, 0.999895749179483, 0), (0.05102099115866621, -0.998595646797626, -0.014256218387204325, 0), (0.9986686776716241, 0.051024262052696535, 0.00003160833247184587, 0), (-5.3964549599637905, 268.5174623958408, -25.858953097554114, 1) ), ( (-0.0002580176732703515, 0.004570839985388856, 0.9999870406532075, 0), (-0.07539969961519075, -0.997142118687069, 0.004538378776557189, 0), (0.9971257085278324, -0.07539567737152943, 0.0006019052793013058, 0), (1.2205219602781368, 141.705612603454, -27.669396953744585, 1) ), ( (-0.041860434790029655, 0.00785381176035449, 0.9990911912002379, 0), (0.8736088100637329, -0.48490511262710795, 0.04041476705420916, 0), (0.4847879178610811, 0.8745179784398114, 0.013437371838691481, 0), (-8.427590951975796, 19.584043434946544, -27.11340050251024, 1) ), ( (-0.018353545373730722, 0.05015269068965911, 0.9985708050505818, 0), (0.9995762498427146, -0.02038033285341683, 0.019395694276646447, 0), (0.021324608738353897, 0.9985331649849265, -0.04975885486695682, 0), (27.934236762552402, -0.6038417899749642, -25.431654088899393, 1) ), ( (-0.01835223340462806, 0.05015355917451621, 0.9985707710949278, 0), (0.9995763049704077, -0.02038028553482775, 0.019394307837004354, 0), (0.021324458566888613, 0.9985330841890506, -0.04975968343242648, 0), (44.154529994423285, -0.9388392350454464, -25.116934189060057, 1) ), ( (1, 0, 0, 0), (0, 1, 0, 0), (0, 0, 1, 0), (0, 0, 0, 1) ), ( (-0.0007226301821102851, 0.01424013264806447, 0.9999086895234769, 0), (0.04927197371301474, -0.9986832386050065, 0.014258351150568865, 0), (0.9988902843016361, 0.04928246354636082, 0.000020039992396520337, 0), (-5.615967236407946, 268.5174073128851, 25.134366827293434, 1) ), ( (0.00014210725523725254, -0.00457261956124767, 1.0000000714130939, 0), (-0.08672875797143195, -0.9962232384359603, -0.004543021582243678, 0), (0.9963349459689871, -0.08673595259734351, -0.0005381963612559708, 0), (0.03958655771185162, 141.70545442348876, 26.94467223716928, 1) ), ( (0.041789039525182925, -0.00757684086930599, 0.9991054812869257, 0), (0.8742135703422413, -0.4840299568964909, -0.040235960541999724, 0), (0.4838752523240032, 0.8750667129232599, -0.013602615509189814, 0), (-8.783973841892848, 19.583900773559595, 26.388608578970462, 1) ), ( (0.017991006384644917, -0.050547244019885355, 0.9985692802965642, 0), (0.9996925278659516, -0.02148764829708175, -0.019098882889133306, 0), (0.02241972713939769, 0.9984911241399177, 0.050139389680075586, 0), (27.71408151112562, -0.6040934016414358, 24.7068432816169, 1) ), ( (0.01799053497808027, -0.05054584132662864, 0.9985694396689405, -5.421010862427522e-20), (0.9996925441985887, -0.021487701939905762, -0.01909835520020975, -3.469446951953614e-18), (0.022419778522509662, 0.9984912627131111, 0.05013800707737231, -1.0842021724855044e-19), (44.182580269666936, -0.9390747253740316, 24.39211709439097, 0.9999999999999999) ), ( (1, 0, 0, 0), (0, 1, 0, 0), (0, 0, 1, 0), (0, 0, 0, 1) )]
            uniform token[] joints = ["Hips", "Hips/Spine", "Hips/Spine/Spine1", "Hips/Spine/Spine1/Spine2", "Hips/Spine/Spine1/Spine2/Neck", "Hips/Spine/Spine1/Spine2/Neck/Head", "Hips/Spine/Spine1/Spine2/Neck/Head/HeadTop_End", "Hips/Spine/Spine1/Spine2/Neck/Head/HeadTop_End/HeadTop_End_end", "Hips/Spine/Spine1/Spine2/LeftShoulder", "Hips/Spine/Spine1/Spine2/LeftShoulder/LeftArm", "Hips/Spine/Spine1/Spine2/LeftShoulder/LeftArm/LeftForeArm", "Hips/Spine/Spine1/Spine2/LeftShoulder/LeftArm/LeftForeArm/LeftHand", "Hips/Spine/Spine1/Spine2/LeftShoulder/LeftArm/LeftForeArm/LeftHand/LeftHandThumb1", "Hips/Spine/Spine1/Spine2/LeftShoulder/LeftArm/LeftForeArm/LeftHand/LeftHandThumb1/LeftHandThumb2", "Hips/Spine/Spine1/Spine2/LeftShoulder/LeftArm/LeftForeArm/LeftHand/LeftHandThumb1/LeftHandThumb2/LeftHandThumb3", "Hips/Spine/Spine1/Spine2/LeftShoulder/LeftArm/LeftForeArm/LeftHand/LeftHandThumb1/LeftHandThumb2/LeftHandThumb3/LeftHandThumb4", "Hips/Spine/Spine1/Spine2/LeftShoulder/LeftArm/LeftForeArm/LeftHand/LeftHandThumb1/LeftHandThumb2/LeftHandThumb3/LeftHandThumb4/LeftHandThumb4_end", "Hips/Spine/Spine1/Spine2/LeftShoulder/LeftArm/LeftForeArm/LeftHand/LeftHandIndex1", "Hips/Spine/Spine1/Spine2/LeftShoulder/LeftArm/LeftForeArm/LeftHand/LeftHandIndex1/LeftHandIndex2", "Hips/Spine/Spine1/Spine2/LeftShoulder/LeftArm/LeftForeArm/LeftHand/LeftHandIndex1/LeftHandIndex2/LeftHandIndex3", "Hips/Spine/Spine1/Spine2/LeftShoulder/LeftArm/LeftForeArm/LeftHand/LeftHandIndex1/LeftHandIndex2/LeftHandIndex3/LeftHandIndex4", "Hips/Spine/Spine1/Spine2/LeftShoulder/LeftArm/LeftForeArm/LeftHand/LeftHandIndex1/LeftHandIndex2/LeftHandIndex3/LeftHandIndex4/LeftHandIndex4_end", "Hips/Spine/Spine1/Spine2/RightShoulder", "Hips/Spine/Spine1/Spine2/RightShoulder/RightArm", "Hips/Spine/Spine1/Spine2/RightShoulder/RightArm/RightForeArm", "Hips/Spine/Spine1/Spine2/RightShoulder/RightArm/RightForeArm/RightHand", "Hips/Spine/Spine1/Spine2/RightShoulder/RightArm/RightForeArm/RightHand/RightHandThumb1", "Hips/Spine/Spine1/Spine2/RightShoulder/RightArm/RightForeArm/RightHand/RightHandThumb1/RightHandThumb2", "Hips/Spine/Spine1/Spine2/RightShoulder/RightArm/RightForeArm/RightHand/RightHandThumb1/RightHandThumb2/RightHandThumb3", "Hips/Spine/Spine1/Spine2/RightShoulder/RightArm/RightForeArm/RightHand/RightHandThumb1/RightHandThumb2/RightHandThumb3/RightHandThumb4", "Hips/Spine/Spine1/Spine2/RightShoulder/RightArm/RightForeArm/RightHand/RightHandThumb1/RightHandThumb2/RightHandThumb3/RightHandThumb4/RightHandThumb4_end", "Hips/Spine/Spine1/Spine2/RightShoulder/RightArm/RightForeArm/RightHand/RightHandIndex1", "Hips/Spine/Spine1/Spine2/RightShoulder/RightArm/RightForeArm/RightHand/RightHandIndex1/RightHandIndex2", "Hips/Spine/Spine1/Spine2/RightShoulder/RightArm/RightForeArm/RightHand/RightHandIndex1/RightHandIndex2/RightHandIndex3", "Hips/Spine/Spine1/Spine2/RightShoulder/RightArm/RightForeArm/RightHand/RightHandIndex1/RightHandIndex2/RightHandIndex3/RightHandIndex4", "Hips/Spine/Spine1/Spine2/RightShoulder/RightArm/RightForeArm/RightHand/RightHandIndex1/RightHandIndex2/RightHandIndex3/RightHandIndex4/RightHandIndex4_end", "Hips/LeftUpLeg", "Hips/LeftUpLeg/LeftLeg", "Hips/LeftUpLeg/LeftLeg/LeftFoot", "Hips/LeftUpLeg/LeftLeg/LeftFoot/LeftToeBase", "Hips/LeftUpLeg/LeftLeg/LeftFoot/LeftToeBase/LeftToe_End", "Hips/LeftUpLeg/LeftLeg/LeftFoot/LeftToeBase/LeftToe_End/LeftToe_End_end", "Hips/RightUpLeg", "Hips/RightUpLeg/RightLeg", "Hips/RightUpLeg/RightLeg/RightFoot", "Hips/RightUpLeg/RightLeg/RightFoot/RightToeBase", "Hips/RightUpLeg/RightLeg/RightFoot/RightToeBase/RightToe_End", "Hips/RightUpLeg/RightLeg/RightFoot/RightToeBase/RightToe_End/RightToe_End_end"]
            uniform matrix4d[] restTransforms = [( (0.9936981541530127, -0.09483216659774545, -0.059768462614150066, 0), (0.06557187246862188, 0.05930768833031817, 0.996083376621164, 0), (-0.09091598826923199, -0.9937250465862861, 0.06515224373812754, 0), (1.4451313018798828, 3.756826639175415, 281.5399169921875, 1) ), ( (0.9984940741347906, 0.04933094509488445, -0.023990934468066494, 0), (-0.04740909094936208, 0.9960580566633871, 0.07497786023790762, 0), (0.02759510213930398, -0.07372758711173306, 0.9968971588533362, 0), (-0.00001695752143504592, 28.167343139648324, 0.46160629391670405, 1) ), ( (0.9996160754463015, 0.02712191545325923, -0.005644908583436491, 0), (-0.02700310408529592, 0.9994320211111025, 0.02015512661757768, 0), (0.006188350985437921, -0.019994968049896956, 0.9997811672571051, 0), (-2.9802322054628405e-8, 32.86628341674799, -0.0000010132789594052838, 1) ), ( (0.9996139873125051, 0.02708547107138578, -0.006126856488153275, 0), (-0.026959541378526006, 0.9994406974781357, 0.019779710172604457, 0), (0.006659177252562126, -0.01960691173646214, 0.9997858276689526, 0), (2.0861625849022403e-7, 37.56149291992176, -3.7252903162254825e-7, 1) ), ( (0.9999660813864061, 0.007959018212857742, 0.002003314429066677, 0), (-0.008207083587875114, 0.9680508878269274, 0.2506199528670296, 0), (0.0000553784544189348, -0.2506278786160803, 0.9680833155084294, 0), (-0.000012129545215344706, 42.256591796874886, 0.000010281801227307596, 1) ), ( (0.9997110844886372, -0.008572024941991802, -0.02245591100237348, 0), (0.005546300777656776, 0.9913050803611118, -0.1314929288923127, 0), (0.023387703623469237, 0.13132974159530217, 0.9910613170040055, 0), (0.0000016987323725459191, 27.96527481079096, -0.00000435113908281437, 1) ), ( (0.9999999403953294, -2.0881430454547378e-7, 8.995572579190148e-8, 0), (2.2110748866043873e-7, 0.9853150386780404, -0.17074622852304316, 0), (-5.2980477623087996e-8, 0.17074622852305868, 0.985315038678061, 0), (9.536743128535363e-7, 75.03883361816412, 0.0000021308660649310696, 1) ), ( (1.0000000000000002, -1.8973538018496328e-18, -6.938893903907228e-18, 0), (-3.9302328752599536e-19, 1, 4.336808689942018e-19, 0), (-6.938893903907228e-18, 0, 1, 0), (-3.552713678800501e-15, 7.61944580078125, 0, 1) ), ( (0.3101705946182441, 0.0166094029912775, -0.9505365645141822, 0), (0.8641747466871453, -0.4216442597414968, 0.274622087513733, 0), (-0.39622667015960933, -0.906608688540132, -0.1451349649246566, 0), (16.09897613525391, 37.75135421752924, 0.13543796539306996, 1) ), ( (0.9275764796371276, 0.3438513614376651, -0.1461791848385079, 0), (-0.12163351954244252, 0.647821070707473, 0.7520206477356083, 0), (0.35328024778836464, -0.6797743909336852, 0.6427255623271622, 0), (0.0000028610229421133226, 33.693325042724624, 0.00001931190496406998, 0.9999999999999998) ), ( (0.9996877932501025, 0.024993359272763957, 0.0003533499938107032, 0), (-0.024992955932150923, 0.9996867032974271, -0.0010640246641866746, 0), (-0.00037983277321052, 0.00105486101905658, 0.9999990734740388, 0), (-0.000003814697265625, 71.04625701904286, 2.842170943040401e-14, 1) ), ( (0.757181200129526, -0.057250917175520916, 0.6506929743282803, 0), (-0.009256759732181541, 0.9951122683120718, 0.09832614923013527, 0), (-0.6531394880715774, -0.08047373240398982, 0.7529476508442787, 0), (0.0000019073486257070726, 56.54915237426758, -0.000003814697265625, 1) ), ( (0.7681926500796079, 0.541685264114486, -0.34126269419439725, 0), (-0.38846798789040826, 0.8180778037111706, 0.4240792812777199, 0), (0.5088942635748024, -0.19320394137476396, 0.8388643405927533, 0), (-10.861045837402344, 12.228820800781335, 0.0001255273819111835, 1.0000000000000002) ), ( (0.8530584493436731, -0.5084651470465686, 0.11727693803949701, 0), (0.5172445757072442, 0.8536335340505491, -0.06136718258221947, 0), (-0.06890858089110191, 0.11301086248564776, 0.991201969597052, 0), (0.0000038146972372032906, 13.084535598754968, 0.000012159347548390542, 1) ), ( (0.8668980002935038, 0.09254589707798638, 0.4898284756198201, 0), (0.03364817657639263, 0.9695101858557761, -0.2427252248114395, 0), (-0.49735398528788677, 0.2268985081509581, 0.8373474996172522, 0), (-0.0000019073486505760684, 11.738634109497013, 0.000004768371596242105, 1) ), ( (0.8688846470964138, 0.33281898468081794, -0.36642990361989297, 0), (-0.3066585496747014, 0.9429906701822516, 0.12934067670826147, 0), (0.3885870362509064, -0.000013265436142863296, 0.921411957743375, 0), (0.00000476837158203125, 9.322853088378906, 0.0000033378601358435844, 1) ), ( (0.9999999999999999, 5.551115123125783e-17, 0, 0), (0, 0.9999999999999999, 0, 0), (0, 2.7755575615628914e-17, 0.9999999999999999, 0), (0, 7.61941957473752, 0, 0.9999999999999998) ), ( (0.9998689202030457, 0.002626103221225237, 0.01599133612560695, 0), (-0.004670048155150958, 0.9916132717312172, 0.12915476123203234, 0), (-0.015518042775621105, -0.12921247345360462, 0.9914952598047629, 0), (0.000011444091796875, 25.740888595581083, -0.0932852029800415, 1.0000000000000002) ), ( (0.9982119359927344, -0.05697266104492263, -0.018077840483106074, 0), (0.05976998478240523, 0.9539244304372549, 0.294033957822329, 0), (0.0004929972593717136, -0.29458906971312965, 0.9556251467738108, 0), (7.105427357601002e-15, 18.493629455566406, 0.000008106231689453125, 1) ), ( (0.9996060625707609, -0.025226940771549165, -0.01233030360345816, 0), (0.026688652817800987, 0.990071123353413, 0.13800743475490376, 0), (0.008726371637237995, -0.1382821394106132, 0.9903543113146465, 0), (0.000007629394524144573, 15.033220291137724, -0.000007867813110351562, 0.9999999999999998) ), ( (0.9998793039041792, -0.009514199234645146, 0.012282411693870218, 0), (0.00951362825090614, 0.9999547389108109, 0.00010491575579591535, 0), (-0.012282852503712277, 0.000011947204581924371, 0.9999244436321534, 0), (-0.0000014305114817148024, 7.6194033622741415, -0.0000033378600896583066, 1.0000000000000002) ), ( (0.9999999999999999, 0, 1.3877787807814457e-17, 0), (1.734723475976807e-18, 1, 2.233456475320139e-17, 0), (0, 4.0332320816460765e-17, 0.9999999999999999, 0), (0, 7.619417667388859, 3.552713678800501e-15, 1) ), ( (0.2685321422980382, -0.020122006913971792, 0.963059853845453, 0), (-0.8579350822775248, -0.45958966254951006, 0.22961737876024374, 0), (0.43799256510114704, -0.8879036458838292, -0.14067815679126072, 0), (-16.098981857299805, 37.74933624267567, 0.01227861642838235, 1) ), ( (0.8481865907818268, -0.4298749290347174, 0.3094948345373454, 0), (0.13535024852320363, 0.7407776668871495, 0.6579737637032373, 0), (-0.5121130727505969, -0.5161941053150818, 0.6865010758524841, 0), (-0.000005006790157580099, 33.69306945800784, -0.00003737211227416992, 0.9999999999999998) ), ( (0.9932662691873229, -0.11481395854586036, -0.015468593063594105, 0), (0.11474400698942526, 0.9933805611421043, -0.005340035315614, 0), (0.015979321680250347, 0.0035291511289076705, 0.9998663326706043, 0), (0.0000019073486328125, 71.00305175781256, -0.00002002716064453125, 1) ), ( (0.9215254639910937, 0.05317424362682299, -0.38465644050104586, 0), (-0.0064733699886234675, 0.9925465887750415, 0.12169961012265089, 0), (0.38826153256351154, -0.1096594949952547, 0.9150030811499023, 0), (0.0000028610229456660363, 56.54911422729498, 0.00000762939455967171, 1) ), ( (0.7670505833587888, -0.5772571405254929, 0.28000334684349754, 0), (0.45605373638909935, 0.7975428988581745, 0.3948918823562122, 0), (-0.4512720136978135, -0.17520670848043995, 0.8750221759279324, 0), (10.55551719665528, 12.943510055541992, 0.000024795532240773355, 1) ), ( (0.8101774721045036, 0.5733174645441728, -0.12215633896399886, 0), (-0.578987117116962, 0.8152199020297061, -0.013937153517481341, 0), (0.09159361403220195, 0.08201828946048934, 0.9924135044108575, 0), (-0.00001335144045810921, 13.361272811889648, 0.000011205673231984292, 1) ), ( (0.914579091510776, -0.07160420365856066, -0.398017042049597, 0), (-0.06140835956222315, 0.94819717245857, -0.3116894304473554, 0), (0.3997169787926904, 0.30950626510616047, 0.8628043661572573, 0), (-0.000004529952999376974, 11.68477249145505, -0.00000762939455967171, 1) ), ( (0.913047237138749, -0.2633651193873102, 0.311421830711023, 0), (0.24926469289292746, 0.9646962288150803, 0.08501940359092572, 0), (-0.3228185917930856, -2.64559526896857e-7, 0.9464607955871036, 0), (7.105427357601002e-15, 9.36743259429926, 0.00002098083498935921, 1) ), ( (1.0000000000000002, 0, 0, 0), (5.551115123125783e-17, 1.0000000000000002, -2.7755575615628914e-17, 0), (-1.1102230246251565e-16, -2.7755575615628914e-17, 1, 0), (0, 7.61940336227417, 2.842170943040401e-14, 1) ), ( (0.9997280811311702, -0.019197772344402037, -0.013236666302401556, 0), (0.02062239087005048, 0.9928502524769046, 0.11757266506268721, 0), (0.01088487735394933, -0.11781348396463902, 0.9929746428888306, 0), (0.000013351440426134786, 29.137535095214815, -0.03609752655027876, 1) ), ( (0.9995661762404605, 0.02563401532906981, 0.014511891424856593, 0), (-0.028800071620402642, 0.9538996194498287, 0.2987412095890431, 0), (-0.006184950961637459, -0.29902955206674897, 0.954224056608078, 0), (-0.0000038146972620722863, 15.20595932006836, -0.000008583068861867105, 1) ), ( (0.9999164101431612, 0.011229065198784815, 0.006409432203789367, 0), (-0.012016676711183408, 0.990058032513003, 0.14014440166747916, 0), (-0.004772017222598568, -0.14020964859164675, 0.9901097966438449, 0), (0, 14.92870044708252, 0.000004768371574925823, 1) ), ( (0.9999543044860753, 0.0061974120477792105, -0.0072788064735796465, 0), (-0.006197139131579099, 0.9999807957459828, 0.00006004844117830227, 0), (0.007279038834464013, -0.000014937920805285776, 0.9999735073343217, 0), (0.000003814697263848643, 8.051066398620634, -0.000004768371601571175, 1.0000000000000002) ), ( (1, -1.3877787807814457e-17, 5.551115123125783e-17, 0), (-1.3877787807814457e-17, 0.9999999999999999, 2.7755575615628914e-17, 0), (-5.551115123125783e-17, -6.938893903907228e-18, 1, 0), (5.329070518200751e-15, 7.619398593902616, -1.7763568394002505e-15, 1) ), ( (-0.9491595232766826, -0.13997749258003864, 0.2819551138932546, 0), (0.19134576787455826, -0.9677781802405223, 0.16368028987251354, 0), (0.24995168645281007, 0.20930395964065457, 0.9453343950137914, 0), (25.496736526489258, -15.64348220825201, 3.7489042282104474, 1) ), ( (0.9980697714231713, 0.0598360382529095, 0.016681943742773125, 0), (-0.05070958341945905, 0.9399451332607712, -0.3375440358647206, 0), (-0.03587718941559506, 0.33604450122522267, 0.9411593068186714, 0), (0.000005245208733128948, 126.99728393554688, -0.00001001358033647648, 0.9999999999999997) ), ( (0.9918817066080462, -0.12040613368678742, -0.040895562357670584, 0), (0.08683088476834093, 0.4063598753184612, 0.9095789996097394, 0), (-0.09290037566211254, -0.9057438247723227, 0.4135150104393114, 0), (0.0000026226043701171875, 122.50346374511717, -0.0000013113021850585938, 1) ), ( (0.9989927917197085, -0.0028522415262112466, 0.04478020556383591, 0), (-0.02185891323930303, 0.8406182721561284, 0.5411887417506067, 0), (-0.03918660630940485, -0.541621756083787, 0.8397080964098819, 0), (0.0000018391292471164888, 41.62489700317382, -3.576278757577711e-7, 1) ), ( (0.9999999999986582, 0.0000013785902491791902, 8.847564727174073e-7, 0), (-0.0000013785903355267859, 0.999999999999045, 9.75554286519742e-8, 0), (-8.847563382173573e-7, -9.755664837074463e-8, 0.999999999999604, 0), (-5.662441253662109e-7, 16.227249145507812, -2.384185786574733e-7, 1) ), ( (1, 2.7755575615628914e-17, -3.469446951953614e-18, 0), (0, 1, -1.3877787807814457e-17, 0), (-6.938893903907228e-18, 0, 1, 0), (7.105427357601002e-15, 7.619421005249023, -8.881784197001252e-16, 0.9999999999999999) ), ( (-0.9823076574497397, -0.04726595395235514, -0.18126342948597735, 0), (0.04452796222299204, -0.9988252726567703, 0.019144904691512046, 0), (-0.1819727923877783, 0.010735921647514746, 0.9833523747027416, 0), (-25.496753692626957, -15.643450736999569, 3.5291976928710955, 1) ), ( (0.9852702453025931, -0.06681301270611745, -0.1573298980040391, 0), (0.025769839817774694, 0.96797747010451, -0.24968702776157742, 0), (0.16898065566360887, 0.2419641637748799, 0.9554780065038977, 0), (9.51811671257019e-7, 126.95090484619143, 0.000001430511474609375, 1.0000000000000002) ), ( (0.9980962329830726, 0.057811953861797584, 0.021350560859703327, 0), (-0.03961539430999106, 0.3364758671860143, 0.9408487510737038, 0), (0.0472094366331004, -0.9399249180563698, 0.3381332780397256, 0), (-5.960464513066199e-7, 122.44097137451178, 9.536743177385176e-7, 1.0000000000000002) ), ( (0.9990358578764682, 0.004167983825942856, -0.04373061599231992, 0), (0.021713650232025927, 0.8185210470072675, 0.5740668660306671, 0), (0.038187071821619234, -0.5744620450275115, 0.8176401071297157, 0), (-4.3725595233468084e-7, 41.739959716796875, -1.7881393432617188e-7, 1) ), ( (0.9999999999988479, -5.522743060648594e-7, 0.0000014138640994712515, 0), (5.522742614338938e-7, 0.999999999999847, 3.1548943069115154e-8, 0), (-0.0000014138641168809363, -3.154816226313972e-8, 0.9999999999989997, 0), (-9.313225817209059e-7, 16.473165512084947, -1.043081283569336e-7, 0.9999999999999998) ), ( (1, 0, 6.938893903907228e-18, 0), (5.551115123125783e-17, 0.9999999999999999, 0, 0), (-6.938893903907228e-18, 1.3877787807814457e-17, 0.9999999999999999, 0), (7.105427357601002e-15, 7.619421005249016, 0, 1) )]
            rel skel:animationSource = </Animated_Woman_AssetRoot/Armature/Hips/Animation>

            def SkelAnimation "Animation"
            {
                uniform token[] joints = ["Hips", "Hips/Spine", "Hips/Spine/Spine1", "Hips/Spine/Spine1/Spine2", "Hips/Spine/Spine1/Spine2/Neck", "Hips/Spine/Spine1/Spine2/Neck/Head", "Hips/Spine/Spine1/Spine2/Neck/Head/HeadTop_End", "Hips/Spine/Spine1/Spine2/Neck/Head/HeadTop_End/HeadTop_End_end", "Hips/Spine/Spine1/Spine2/LeftShoulder", "Hips/Spine/Spine1/Spine2/LeftShoulder/LeftArm", "Hips/Spine/Spine1/Spine2/LeftShoulder/LeftArm/LeftForeArm", "Hips/Spine/Spine1/Spine2/LeftShoulder/LeftArm/LeftForeArm/LeftHand", "Hips/Spine/Spine1/Spine2/LeftShoulder/LeftArm/LeftForeArm/LeftHand/LeftHandThumb1", "Hips/Spine/Spine1/Spine2/LeftShoulder/LeftArm/LeftForeArm/LeftHand/LeftHandThumb1/LeftHandThumb2", "Hips/Spine/Spine1/Spine2/LeftShoulder/LeftArm/LeftForeArm/LeftHand/LeftHandThumb1/LeftHandThumb2/LeftHandThumb3", "Hips/Spine/Spine1/Spine2/LeftShoulder/LeftArm/LeftForeArm/LeftHand/LeftHandThumb1/LeftHandThumb2/LeftHandThumb3/LeftHandThumb4", "Hips/Spine/Spine1/Spine2/LeftShoulder/LeftArm/LeftForeArm/LeftHand/LeftHandThumb1/LeftHandThumb2/LeftHandThumb3/LeftHandThumb4/LeftHandThumb4_end", "Hips/Spine/Spine1/Spine2/LeftShoulder/LeftArm/LeftForeArm/LeftHand/LeftHandIndex1", "Hips/Spine/Spine1/Spine2/LeftShoulder/LeftArm/LeftForeArm/LeftHand/LeftHandIndex1/LeftHandIndex2", "Hips/Spine/Spine1/Spine2/LeftShoulder/LeftArm/LeftForeArm/LeftHand/LeftHandIndex1/LeftHandIndex2/LeftHandIndex3", "Hips/Spine/Spine1/Spine2/LeftShoulder/LeftArm/LeftForeArm/LeftHand/LeftHandIndex1/LeftHandIndex2/LeftHandIndex3/LeftHandIndex4", "Hips/Spine/Spine1/Spine2/LeftShoulder/LeftArm/LeftForeArm/LeftHand/LeftHandIndex1/LeftHandIndex2/LeftHandIndex3/LeftHandIndex4/LeftHandIndex4_end", "Hips/Spine/Spine1/Spine2/RightShoulder", "Hips/Spine/Spine1/Spine2/RightShoulder/RightArm", "Hips/Spine/Spine1/Spine2/RightShoulder/RightArm/RightForeArm", "Hips/Spine/Spine1/Spine2/RightShoulder/RightArm/RightForeArm/RightHand", "Hips/Spine/Spine1/Spine2/RightShoulder/RightArm/RightForeArm/RightHand/RightHandThumb1", "Hips/Spine/Spine1/Spine2/RightShoulder/RightArm/RightForeArm/RightHand/RightHandThumb1/RightHandThumb2", "Hips/Spine/Spine1/Spine2/RightShoulder/RightArm/RightForeArm/RightHand/RightHandThumb1/RightHandThumb2/RightHandThumb3", "Hips/Spine/Spine1/Spine2/RightShoulder/RightArm/RightForeArm/RightHand/RightHandThumb1/RightHandThumb2/RightHandThumb3/RightHandThumb4", "Hips/Spine/Spine1/Spine2/RightShoulder/RightArm/RightForeArm/RightHand/RightHandThumb1/RightHandThumb2/RightHandThumb3/RightHandThumb4/RightHandThumb4_end", "Hips/Spine/Spine1/Spine2/RightShoulder/RightArm/RightForeArm/RightHand/RightHandIndex1", "Hips/Spine/Spine1/Spine2/RightShoulder/RightArm/RightForeArm/RightHand/RightHandIndex1/RightHandIndex2", "Hips/Spine/Spine1/Spine2/RightShoulder/RightArm/RightForeArm/RightHand/RightHandIndex1/RightHandIndex2/RightHandIndex3", "Hips/Spine/Spine1/Spine2/RightShoulder/RightArm/RightForeArm/RightHand/RightHandIndex1/RightHandIndex2/RightHandIndex3/RightHandIndex4", "Hips/Spine/Spine1/Spine2/RightShoulder/RightArm/RightForeArm/RightHand/RightHandIndex1/RightHandIndex2/RightHandIndex3/RightHandIndex4/RightHandIndex4_end", "Hips/LeftUpLeg", "Hips/LeftUpLeg/LeftLeg", "Hips/LeftUpLeg/LeftLeg/LeftFoot", "Hips/LeftUpLeg/LeftLeg/LeftFoot/LeftToeBase", "Hips/LeftUpLeg/LeftLeg/LeftFoot/LeftToeBase/LeftToe_End", "Hips/LeftUpLeg/LeftLeg/LeftFoot/LeftToeBase/LeftToe_End/LeftToe_End_end", "Hips/RightUpLeg", "Hips/RightUpLeg/RightLeg", "Hips/RightUpLeg/RightLeg/RightFoot", "Hips/RightUpLeg/RightLeg/RightFoot/RightToeBase", "Hips/RightUpLeg/RightLeg/RightFoot/RightToeBase/RightToe_End", "Hips/RightUpLeg/RightLeg/RightFoot/RightToeBase/RightToe_End/RightToe_End_end"]
                quatf[] rotations = [(0.7276946, 0.6836003, -0.010700771, -0.05510691), (0.9989305, 0.037216146, 0.012910314, 0.0242109), (0.9998537, 0.010038992, 0.0029587478, 0.013533237), (0.9998551, 0.009848082, 0.003196972, 0.013513215), (0.99198043, 0.12632504, -0.0004909211, 0.004074199), (0.9977569, -0.06585332, 0.011486677, -0.0035375115), (0.996322, -0.08568828, -3.5865966e-8, -1.0787723e-7), (1, 1.1519648e-19, -7.70372e-34, -3.7608263e-19), (0.4311006, 0.6850091, 0.32144994, -0.49151272), (0.89695644, 0.39907053, 0.13920967, 0.12974006), (0.99992174, -0.00052976306, -0.00018331004, 0.012497557), (0.9361143, 0.047750548, -0.34820333, -0.012817371), (0.92535603, 0.16676915, 0.22968398, 0.25129572), (0.9614955, -0.045340315, -0.048410397, -0.2666966), (0.95835215, -0.12250836, -0.2575206, 0.015364205), (0.96608585, 0.03347372, 0.1953804, 0.16548157), (1, -6.938894e-18, 1.7347235e-18, 1.3877788e-17), (0.9978699, 0.0647297, -0.00789416, 0.0018279315), (0.9884028, 0.14888228, 0.004697184, -0.029528106), (0.99750084, 0.069245465, 0.005277357, -0.013011416), (0.99996984, 0.00002324284, -0.006141502, -0.0047571003), (1, -4.499439e-18, -3.469447e-18, -4.3368087e-19), (0.4087372, 0.6835203, -0.3211526, 0.5124401), (0.9049123, 0.32438713, -0.22698551, -0.15615468), (0.9983128, -0.0022210442, 0.0078752665, -0.0574865), (0.97840106, 0.059116572, 0.19749518, 0.015241113), (0.92730993, 0.15369675, -0.19714941, -0.27857804), (0.9510268, -0.025224153, 0.0561892, 0.30291018), (0.9650883, -0.16091688, 0.206648, -0.0026411654), (0.9777787, 0.021737965, -0.1621636, -0.13107), (1, -7.70372e-34, -2.0816682e-17, -1.3877788e-17), (0.99819267, 0.058953125, 0.0060413084, -0.009973065), (0.98839384, 0.1511975, -0.005234968, 0.013768318), (0.9975075, 0.07026367, -0.0028023478, 0.005825957), (0.99998856, 0.000018746805, 0.003639503, 0.0030986732), (1, 5.2041704e-18, -2.7755576e-17, 3.081488e-33), (-0.084294505, 0.13532838, 0.09489529, 0.98263705), (0.98478097, -0.17099966, -0.013342872, 0.028063463), (0.8384147, 0.54129636, -0.015506925, -0.06179429), (0.9590775, 0.28225303, -0.021887394, 0.004954409), (1, 4.877802e-8, -4.423782e-7, 6.892951e-7), (1, -3.469447e-18, -8.6736174e-19, 6.938894e-18), (-0.02305125, -0.09121095, 0.0075034117, 0.9955365), (0.98852485, -0.12433879, 0.08252429, -0.023414655), (0.8174209, 0.5752153, 0.007908503, 0.029797342), (0.9533094, 0.3011951, 0.021482436, -0.0046012504), (1, 1.5774276e-8, -7.0693204e-7, -2.7613714e-7), (1, -3.469447e-18, -3.469447e-18, -1.3877788e-17)]
                quatf[] rotations.timeSamples = {
                    0: [(0.7276946, 0.6836003, -0.010700771, -0.05510691), (0.9989305, 0.037216146, 0.012910314, 0.0242109), (0.9998537, 0.010038992, 0.0029587478, 0.013533237), (0.9998551, 0.009848082, 0.003196972, 0.013513215), (0.99198043, 0.12632504, -0.0004909211, 0.004074199), (0.9977569, -0.06585332, 0.011486677, -0.0035375115), (0.996322, -0.08568828, -3.5865966e-8, -1.0787723e-7), (1, 1.1519648e-19, -7.70372e-34, -3.7608263e-19), (0.4311006, 0.6850091, 0.32144994, -0.49151272), (0.89695644, 0.39907053, 0.13920967, 0.12974006), (0.99992174, -0.00052976306, -0.00018331004, 0.012497557), (0.9361143, 0.047750548, -0.34820333, -0.012817371), (0.92535603, 0.16676915, 0.22968398, 0.25129572), (0.9614955, -0.045340315, -0.048410397, -0.2666966), (0.95835215, -0.12250836, -0.2575206, 0.015364205), (0.96608585, 0.03347372, 0.1953804, 0.16548157), (1, -6.938894e-18, 1.7347235e-18, 1.3877788e-17), (0.9978699, 0.0647297, -0.00789416, 0.0018279315), (0.9884028, 0.14888228, 0.004697184, -0.029528106), (0.99750084, 0.069245465, 0.005277357, -0.013011416), (0.99996984, 0.00002324284, -0.006141502, -0.0047571003), (1, -4.499439e-18, -3.469447e-18, -4.3368087e-19), (0.4087372, 0.6835203, -0.3211526, 0.5124401), (0.9049123, 0.32438713, -0.22698551, -0.15615468), (0.9983128, -0.0022210442, 0.0078752665, -0.0574865), (0.97840106, 0.059116572, 0.19749518, 0.015241113), (0.92730993, 0.15369675, -0.19714941, -0.27857804), (0.9510268, -0.025224153, 0.0561892, 0.30291018), (0.9650883, -0.16091688, 0.206648, -0.0026411654), (0.9777787, 0.021737965, -0.1621636, -0.13107), (1, -7.70372e-34, -2.0816682e-17, -1.3877788e-17), (0.99819267, 0.058953125, 0.0060413084, -0.009973065), (0.98839384, 0.1511975, -0.005234968, 0.013768318), (0.9975075, 0.07026367, -0.0028023478, 0.005825957), (0.99998856, 0.000018746805, 0.003639503, 0.0030986732), (1, 5.2041704e-18, -2.7755576e-17, 3.081488e-33), (-0.084294505, 0.13532838, 0.09489529, 0.98263705), (0.98478097, -0.17099966, -0.013342872, 0.028063463), (0.8384147, 0.54129636, -0.015506925, -0.06179429), (0.9590775, 0.28225303, -0.021887394, 0.004954409), (1, 4.877802e-8, -4.423782e-7, 6.892951e-7), (1, -3.469447e-18, -8.6736174e-19, 6.938894e-18), (-0.02305125, -0.09121095, 0.0075034117, 0.9955365), (0.98852485, -0.12433879, 0.08252429, -0.023414655), (0.8174209, 0.5752153, 0.007908503, 0.029797342), (0.9533094, 0.3011951, 0.021482436, -0.0046012504), (1, 1.5774276e-8, -7.0693204e-7, -2.7613714e-7), (1, -3.469447e-18, -3.469447e-18, -1.3877788e-17)],
