#usda 1.0
(
    defaultPrim = "Animated_Woman_AssetRoot"
    endTimeCode = 200
    framesPerSecond = 24
    metersPerUnit = 1
    startTimeCode = 0
    timeCodesPerSecond = 24
    upAxis = "Y"
)

def SkelRoot "Animated_Woman_AssetRoot" (
    kind = "assembly"
)
{
    def Xform "Armature"
    {
        float3 xformOp:rotateXYZ.timeSamples = {
            0: (-90.00001, 0, 0),
        }
        float3 xformOp:scale.timeSamples = {
            0: (1, 1, 1),
        }
        double3 xformOp:translate.timeSamples = {
            0: (0, 0, 0),
        }
        uniform token[] xformOpOrder = ["xformOp:translate", "xformOp:rotateXYZ", "xformOp:scale"]

        def Xform "ArmatureShape"
        {
        }

        def Skeleton "Hips" (
            prepend apiSchemas = ["SkelBindingAPI"]
            customData = {
                dictionary Maya = {
                    bool generated = 1
                }
            }
        )
        {
            uniform matrix4d[] bindTransforms = [( (4.371139999999929e-8, 5.210792282599915e-15, -0.9999999999999981, 0), (-1.1920899999767753e-7, 0.9999999999999858, -5.2108924813998314e-15, 0), (0.9999999999999838, 1.1920899999999807e-7, 4.371139999999929e-8, 0), (-0.09145275858700018, 2.841609179098008, -0.003623503997528112, 1) ), ( (7.870031215563148e-10, -1.289748271219305e-11, -0.9999999999999999, 0), (0.016385891550208483, 0.9998654843945565, 1.289921923615378e-11, 0), (0.9998654843945564, -0.016385891550208486, 7.871091073027598e-10, 0), (-0.08683586220028268, 3.1232806133566173, -0.0036233500683584947, 1) ), ( (1.0727737524013887e-7, 4.3853777530901e-15, -0.9999999999999885, 0), (0.01638579160395886, 0.9998654876712837, 1.7578349513838742e-9, 0), (0.9998654876712723, -0.01638579160395905, 1.0726356978640243e-7, 0), (-0.08145034546601969, 3.4518997236400737, -0.0036233487378301617, 1) ), ( (1.0172063050327367e-7, -3.73573809819308e-15, -0.9999999999999897, 1.5407439555097887e-33), (0.016385691657708465, 0.9998654909479913, 1.6667525554181495e-9, -4.336808689942018e-19), (0.9998654909479808, -0.016385691657708635, 1.0170631773922869e-7, 6.776263578034403e-21), (-0.07529552039663534, 3.8274635099249323, -0.003623357659060335, 1) ), ( (6.379594306099813e-8, -2.1251003257716453e-15, -0.9999999999999959, 0), (0.17074602633911057, 0.98531515199373, 1.0892913496337794e-8, 0), (0.985315151993726, -0.17074602633911123, 6.285916543657673e-8, 0), (-0.06837406161601879, 4.249975995051486, -0.0036232043619916342, 1) ), ( (2.4277819678210753e-7, -6.07700093719609e-15, -0.999999999999941, 0), (0.17074602633910116, 0.9853151519937299, 4.145337878264533e-8, 0), (0.9853151519936718, -0.17074602633911126, 2.3921284197074176e-7, 0), (-0.02062328031281406, 4.525522774717207, -0.0036231950068787476, 1) ), ( (4.371529999999954e-8, 4.071306434189957e-15, -0.9999999999999981, 0), (-9.313230000043693e-8, 0.9999999999999913, -4.071287577900318e-15, 0), (0.9999999999999895, 9.313229999999901e-8, 4.371529999999954e-8, 0), (0.10750318982693996, 5.26489137001202, -0.0036230453004658055, 1) ), ( (1, 0, 0, 0), (0, 1, 0, 0), (0, 0, 1, 0), (0, 0, 0, 1) ), ( (-0.9998299802052852, 0.01643872073239509, -0.008292153415478405, -6.776263578034403e-21), (0.0036574885821727843, -0.2640656884469849, -0.9644974408689484, 1.0842021724855044e-19), (-0.018044748073126525, -0.9643641139154313, 0.26396091624867, 4.336808689942018e-19), (-0.06775743786056372, 4.20490453522793, -0.16461078454628728, 1) ), ( (-0.994165588224983, 0.0453813367369479, 0.09784632910499666, -1.3552527156068805e-20), (-0.09940398275564144, -0.033435073470376955, -0.9944855291665222, 1.3552527156068805e-20), (-0.04185960088705051, -0.9984100984365301, 0.03775115084572574, 4.336808689942018e-19), (-0.06652495741112159, 4.115935284315726, -0.48958257888065626, 1) ), ( (-0.9991227340658465, 0.04184918034898866, -0.001068991874865241, 0), (-0.0037672753754908945, -0.11531442184197949, -0.9933217275228402, 0), (-0.04169297077077536, -0.9924471157926131, 0.11537155994680501, 0), (-0.13714771346125781, 4.092179350658742, -1.1961270128032677, 1) ), ( (-0.9900302104929796, -0.08418249431141701, 0.11293246785689744, 0), (-0.10515850681456879, -0.0916758156049573, -0.9902205310839566, 0), (0.093712442710654, -0.9922233633328925, 0.08190935386534576, 0), (-0.13927754567116846, 4.026967487877791, -1.757841314205061, 1) ), ( (-0.8056581227502346, 0.145701914510574, -0.574182843785469, 0), (0.5788106451775722, -0.012657829963081508, -0.8153632168032727, 0), (-0.1260678347829405, -0.9892471067957073, -0.07413615923633027, 0), (-0.044607559604833175, 4.024896021309577, -1.891197305818949, 1) ), ( (-0.9408146681320319, -0.14293092167875573, -0.30730794003051115, 0), (0.331542753056603, -0.1999618455271227, -0.9220054429885026, 0), (0.07033324221552166, -0.9693218564691415, 0.235514770171928, 0), (0.031126287957843193, 4.023239791056457, -1.997886209212089, 1) ), ( (-0.8975573481677409, -0.4371265281882352, 0.0575477861846391, 0), (0.023862672270230558, -0.17849567538758174, -0.9836517132648117, 0), (0.44025171091456383, -0.8815101855462594, 0.170640468032644, 0), (0.0700451314428797, 3.9997706742531465, -2.106115893291177, 1) ), ( (-0.9332536788913767, -0.11620714415384159, -0.33990321007140445, 5.421010862427522e-20), (0.3546880061448889, -0.14828619401933874, -0.9231508755448783, 5.421010862427522e-20), (0.05687372551276064, -0.9820924981040134, 0.17960549913126006, 4.336808689942018e-19), (0.07226969431963448, 3.983125747828395, -2.1978194155708426, 1) ), ( (1, 0, 0, 0), (0, 1, 0, 0), (0, 0, 1, 0), (0, 0, 0, 1) ), ( (-0.9897661977468091, -0.0901628285897007, 0.110601659153835, 0), (-0.0705369105626589, -0.36463222960010855, -0.928475942762463, 0), (0.12404289611530789, -0.9267759859720394, 0.3545418043666235, 0), (-0.1664369758259147, 4.0042975472944065, -2.0128119583244546, 1) ), ( (-0.9913591123613396, -0.08359474842863351, 0.10108989266996776, 0), (-0.06929965379678986, -0.3205668989275561, -0.9446869226169905, 0), (0.11137658915470952, -0.9435299210760894, 0.3120037666080991, 0), (-0.17948069837559558, 3.9368634109936216, -2.1845180000327225, 1) ), ( (-0.9929760996690974, -0.07565505949234698, 0.09096634503602366, 0), (-0.0691018213843412, -0.25325056058181566, -0.9649290436002176, 0), (0.09603905299031285, -0.9644376919575969, 0.24624411977451977, 0), (-0.18989841129986695, 3.888673046389634, -2.3265345834757545, 1) ), ( (-0.9910193247500303, -0.08508240472485638, 0.10316051421820142, 0), (-0.0785349733326177, -0.25406041948895125, -0.9639939835990342, 0), (0.10822748513215706, -0.9634384476914651, 0.24509717023749428, 0), (-0.19516253632484354, 3.869375646099758, -2.4000582867841262, 1) ), ( (1, 0, 0, 0), (0, 1, 0, 0), (0, 0, 1, 0), (0, 0, 0, 1) ), ( (0.999865096784571, -0.01641302164977419, -0.0007057494665271447, 0), (-0.003653861433573195, -0.26406250635560313, 0.96449816085817, 0), (-0.016016674397263616, -0.9643656821786362, -0.2640871768443691, 0), (-0.06898783770362718, 4.204904321866043, 0.1573670655483965, 1) ), ( (0.9949116801754571, -0.04162474852429729, 0.09174863290449689, 0), (-0.09316462597681685, -0.03345569195230199, 0.9950889482070646, 0), (-0.03835083857432033, -0.9985730583286123, -0.037163448059835597, 0), (-0.07021875082992483, 4.115934984107241, 0.48233693323025406, 1) ), ( (0.9992635333076276, -0.0383118799605319, -0.0022634101617272865, 0), (-0.0021717316890216254, -0.11532770279924379, 0.993325216094136, 0), (-0.03831719179791134, -0.9925877536197854, -0.11532617727773475, 0), (-0.13636866134978126, 4.092176915794396, 1.188879373248255, 1) ), ( (0.9969694162431892, 0.00962846624327651, 0.07719254571707003, 0), (-0.07698850969335014, -0.020017927434864653, 0.9968310087167056, 0), (0.011143227214928064, -0.999752512463167, -0.019216041080234447, 0), (-0.13759683777298765, 4.026960213952676, 1.7505963352042813, 1) ), ( (0.8005274652446241, -0.21736862162702278, -0.5584851713171094, 0), (0.5704192336261058, -0.009420417510761487, 0.8212995043566641, 0), (-0.1837864716402876, -0.976044165877208, 0.11644970101901692, 0), (-0.04232183904207285, 4.025389859460287, 1.8877683853745744, 1) ), ( (0.952396246726136, 0.074044589631426, -0.2957332363645728, 0), (0.30465626373442256, -0.1955851490348498, 0.9321641718853219, 0), (0.011180737004867988, -0.9778869195746905, -0.20883245236487946, 0), (0.03389090537097103, 4.024127478476142, 1.9975063441774281, 1) ), ( (0.959208746625996, 0.2799792668377055, -0.03911549661057678, 0), (0.09934947718713799, -0.20431636593787153, 0.9738497742398315, 0), (0.26466571631347197, -0.9380120747144854, -0.22379735877485368, 0), (0.06949024140552593, 4.001276483931525, 2.1064254237582904, 1) ), ( (0.9320601299172581, 0.017326617443997817, -0.36188790973833196, 0), (0.3574403341100013, -0.20706342608512363, 0.9106919546724275, 0), (-0.059154702839299494, -0.9781740338337606, -0.19918931188026234, 0), (0.07879644358752005, 3.9821363607656384, 2.1976534614993297, 1) ), ( (1, 0, 0, 0), (0, 1, 0, 0), (0, 0, 1, 0), (0, 0, 0, 1) ), ( (0.9976705448877835, 0.014887316071220121, 0.06656869089893647, 0), (-0.0489891021541973, -0.5227105037025104, 0.8511007351349367, 0), (0.047466814424353666, -0.8523802036164748, -0.5207638474519565, 0), (-0.16003358017959213, 4.021494734453966, 2.0410575736849292, 1) ), ( (0.9984168473254544, 0.008362719413444665, 0.055612126684655594, 0), (-0.05035173048828722, -0.3074954091125795, 0.9502156785411311, 0), (0.02504692651846667, -0.9515124399394603, -0.30658798084748184, 0), (-0.1674827461105085, 3.942010473927311, 2.1704735812505405, 1) ), ( (0.9987118504211296, 0.003809723742945477, 0.050596219903370834, 0), (-0.049347116909366155, -0.15906897949819973, 0.9860338542293844, 0), (0.011804802230863554, -0.9872602379509582, -0.15867619647055864, 0), (-0.17499980505602536, 3.896107037219465, 2.3123317246211665, 1) ), ( (0.998274080321598, 0.010009828758269525, 0.05785972072188714, 0), (-0.05553458635947105, -0.15914854249503538, 0.98569184214, 0), (0.019074879937405635, -0.9872037311706124, -0.15831855092995678, 0), (-0.17897265836812182, 3.8832994850714453, 2.391718058454653, 1) ), ( (1, 0, 0, 0), (0, 1, 0, 0), (0, 0, 1, 0), (0, 0, 0, 1) ), ( (0.0006958672270452847, -0.014239201776955032, 0.999895749179483, 0), (0.05102099115866621, -0.998595646797626, -0.014256218387204325, 0), (0.9986686776716241, 0.051024262052696535, 0.00003160833247184587, 0), (-0.05396454959963791, 2.6851746239584084, -0.25858953097554116, 1) ), ( (-0.0002580176732703515, 0.004570839985388856, 0.9999870406532075, 0), (-0.07539969961519075, -0.997142118687069, 0.004538378776557189, 0), (0.9971257085278324, -0.07539567737152943, 0.0006019052793013058, 0), (0.012205219602781368, 1.41705612603454, -0.27669396953744585, 1) ), ( (-0.041860434790029655, 0.00785381176035449, 0.9990911912002379, 0), (0.8736088100637329, -0.48490511262710795, 0.04041476705420916, 0), (0.4847879178610811, 0.8745179784398114, 0.013437371838691481, 0), (-0.08427590951975797, 0.19584043434946544, -0.2711340050251024, 1) ), ( (-0.018353545373730722, 0.05015269068965911, 0.9985708050505818, 0), (0.9995762498427146, -0.02038033285341683, 0.019395694276646447, 0), (0.021324608738353897, 0.9985331649849265, -0.04975885486695682, 0), (0.279342367625524, -0.006038417899749642, -0.2543165408889939, 1) ), ( (-0.01835223340462806, 0.05015355917451621, 0.9985707710949278, 0), (0.9995763049704077, -0.02038028553482775, 0.019394307837004354, 0), (0.021324458566888613, 0.9985330841890506, -0.04975968343242648, 0), (0.44154529994423286, -0.009388392350454465, -0.2511693418906006, 1) ), ( (1, 0, 0, 0), (0, 1, 0, 0), (0, 0, 1, 0), (0, 0, 0, 1) ), ( (-0.0007226301821102851, 0.01424013264806447, 0.9999086895234769, 0), (0.04927197371301474, -0.9986832386050065, 0.014258351150568865, 0), (0.9988902843016361, 0.04928246354636082, 0.000020039992396520337, 0), (-0.05615967236407946, 2.685174073128851, 0.25134366827293436, 1) ), ( (0.00014210725523725254, -0.00457261956124767, 1.0000000714130939, 0), (-0.08672875797143195, -0.9962232384359603, -0.004543021582243678, 0), (0.9963349459689871, -0.08673595259734351, -0.0005381963612559708, 0), (0.0003958655771185162, 1.4170545442348876, 0.2694467223716928, 1) ), ( (0.041789039525182925, -0.00757684086930599, 0.9991054812869257, 0), (0.8742135703422413, -0.4840299568964909, -0.040235960541999724, 0), (0.4838752523240032, 0.8750667129232599, -0.013602615509189814, 0), (-0.08783973841892849, 0.19583900773559595, 0.2638860857897046, 1) ), ( (0.017991006384644917, -0.050547244019885355, 0.9985692802965642, 0), (0.9996925278659516, -0.02148764829708175, -0.019098882889133306, 0), (0.02241972713939769, 0.9984911241399177, 0.050139389680075586, 0), (0.2771408151112562, -0.006040934016414358, 0.24706843281616903, 1) ), ( (0.01799053497808027, -0.05054584132662864, 0.9985694396689405, -5.421010862427522e-20), (0.9996925441985887, -0.021487701939905762, -0.01909835520020975, -3.469446951953614e-18), (0.022419778522509662, 0.9984912627131111, 0.05013800707737231, -1.0842021724855044e-19), (0.4418258026966694, -0.009390747253740317, 0.2439211709439097, 1) ), ( (1, 0, 0, 0), (0, 1, 0, 0), (0, 0, 1, 0), (0, 0, 0, 1) )]
            uniform token[] joints = ["Hips", "Hips/Spine", "Hips/Spine/Spine1", "Hips/Spine/Spine1/Spine2", "Hips/Spine/Spine1/Spine2/Neck", "Hips/Spine/Spine1/Spine2/Neck/Head", "Hips/Spine/Spine1/Spine2/Neck/Head/HeadTop_End", "Hips/Spine/Spine1/Spine2/Neck/Head/HeadTop_End/HeadTop_End_end", "Hips/Spine/Spine1/Spine2/LeftShoulder", "Hips/Spine/Spine1/Spine2/LeftShoulder/LeftArm", "Hips/Spine/Spine1/Spine2/LeftShoulder/LeftArm/LeftForeArm", "Hips/Spine/Spine1/Spine2/LeftShoulder/LeftArm/LeftForeArm/LeftHand", "Hips/Spine/Spine1/Spine2/LeftShoulder/LeftArm/LeftForeArm/LeftHand/LeftHandThumb1", "Hips/Spine/Spine1/Spine2/LeftShoulder/LeftArm/LeftForeArm/LeftHand/LeftHandThumb1/LeftHandThumb2", "Hips/Spine/Spine1/Spine2/LeftShoulder/LeftArm/LeftForeArm/LeftHand/LeftHandThumb1/LeftHandThumb2/LeftHandThumb3", "Hips/Spine/Spine1/Spine2/LeftShoulder/LeftArm/LeftForeArm/LeftHand/LeftHandThumb1/LeftHandThumb2/LeftHandThumb3/LeftHandThumb4", "Hips/Spine/Spine1/Spine2/LeftShoulder/LeftArm/LeftForeArm/LeftHand/LeftHandThumb1/LeftHandThumb2/LeftHandThumb3/LeftHandThumb4/LeftHandThumb4_end", "Hips/Spine/Spine1/Spine2/LeftShoulder/LeftArm/LeftForeArm/LeftHand/LeftHandIndex1", "Hips/Spine/Spine1/Spine2/LeftShoulder/LeftArm/LeftForeArm/LeftHand/LeftHandIndex1/LeftHandIndex2", "Hips/Spine/Spine1/Spine2/LeftShoulder/LeftArm/LeftForeArm/LeftHand/LeftHandIndex1/LeftHandIndex2/LeftHandIndex3", "Hips/Spine/Spine1/Spine2/LeftShoulder/LeftArm/LeftForeArm/LeftHand/LeftHandIndex1/LeftHandIndex2/LeftHandIndex3/LeftHandIndex4", "Hips/Spine/Spine1/Spine2/LeftShoulder/LeftArm/LeftForeArm/LeftHand/LeftHandIndex1/LeftHandIndex2/LeftHandIndex3/LeftHandIndex4/LeftHandIndex4_end", "Hips/Spine/Spine1/Spine2/RightShoulder", "Hips/Spine/Spine1/Spine2/RightShoulder/RightArm", "Hips/Spine/Spine1/Spine2/RightShoulder/RightArm/RightForeArm", "Hips/Spine/Spine1/Spine2/RightShoulder/RightArm/RightForeArm/RightHand", "Hips/Spine/Spine1/Spine2/RightShoulder/RightArm/RightForeArm/RightHand/RightHandThumb1", "Hips/Spine/Spine1/Spine2/RightShoulder/RightArm/RightForeArm/RightHand/RightHandThumb1/RightHandThumb2", "Hips/Spine/Spine1/Spine2/RightShoulder/RightArm/RightForeArm/RightHand/RightHandThumb1/RightHandThumb2/RightHandThumb3", "Hips/Spine/Spine1/Spine2/RightShoulder/RightArm/RightForeArm/RightHand/RightHandThumb1/RightHandThumb2/RightHandThumb3/RightHandThumb4", "Hips/Spine/Spine1/Spine2/RightShoulder/RightArm/RightForeArm/RightHand/RightHandThumb1/RightHandThumb2/RightHandThumb3/RightHandThumb4/RightHandThumb4_end", "Hips/Spine/Spine1/Spine2/RightShoulder/RightArm/RightForeArm/RightHand/RightHandIndex1", "Hips/Spine/Spine1/Spine2/RightShoulder/RightArm/RightForeArm/RightHand/RightHandIndex1/RightHandIndex2", "Hips/Spine/Spine1/Spine2/RightShoulder/RightArm/RightForeArm/RightHand/RightHandIndex1/RightHandIndex2/RightHandIndex3", "Hips/Spine/Spine1/Spine2/RightShoulder/RightArm/RightForeArm/RightHand/RightHandIndex1/RightHandIndex2/RightHandIndex3/RightHandIndex4", "Hips/Spine/Spine1/Spine2/RightShoulder/RightArm/RightForeArm/RightHand/RightHandIndex1/RightHandIndex2/RightHandIndex3/RightHandIndex4/RightHandIndex4_end", "Hips/LeftUpLeg", "Hips/LeftUpLeg/LeftLeg", "Hips/LeftUpLeg/LeftLeg/LeftFoot", "Hips/LeftUpLeg/LeftLeg/LeftFoot/LeftToeBase", "Hips/LeftUpLeg/LeftLeg/LeftFoot/LeftToeBase/LeftToe_End", "Hips/LeftUpLeg/LeftLeg/LeftFoot/LeftToeBase/LeftToe_End/LeftToe_End_end", "Hips/RightUpLeg", "Hips/RightUpLeg/RightLeg", "Hips/RightUpLeg/RightLeg/RightFoot", "Hips/RightUpLeg/RightLeg/RightFoot/RightToeBase", "Hips/RightUpLeg/RightLeg/RightFoot/RightToeBase/RightToe_End", "Hips/RightUpLeg/RightLeg/RightFoot/RightToeBase/RightToe_End/RightToe_End_end"]
            uniform matrix4d[] restTransforms = [( (0.9950990120741656, 0.025936456269988462, -0.09542146721348693, 0), (0.09497067282215375, 0.018091714768331612, 0.9953154195145112, 0), (0.027541299387042917, -0.9994998699033546, 0.015539848495099704, 0), (0.021928787231445312, 0.03795987367630005, 2.766668395996094, 1) ), ( (0.9983100159868881, 0.05375456993462826, 0.022067218788150558, 0), (-0.05456345025420581, 0.9977930445749583, 0.03785265867460631, 0), (-0.01998376760537239, -0.03899275885364003, 0.9990400037261481, 0), (-1.8015503883361816e-7, 0.28167282104492186, 0.004616038799285883, 1) ), ( (0.9946119797312544, 0.10355105427449705, -0.004966464630894841, 0), (-0.10347796498658834, 0.9945438185068153, 0.013216104325879219, 0), (0.006307905226991226, -0.012630970011797017, 0.9998999718334826, 0), (2.9802322476513154e-9, 0.3286628723144537, -3.3527614462514066e-10, 1) ), ( (0.9946962091179311, 0.10190395950881333, -0.013974012359973153, 0), (-0.10171209358349514, 0.9947180453157392, 0.01381661176593963, 0), (0.01530816605612436, -0.012322002355745397, 0.9998068955102996, 0), (-1.6363337600466822e-8, 0.3756151580810547, 7.823109449134336e-10, 1) ), ( (0.999273069495738, -0.03776966596890209, 0.005244060357065502, 0), (0.03629678966941486, 0.9842931773166425, 0.1727707225376912, 0), (-0.011687174164587064, -0.1724546232078104, 0.9849476428827115, 0), (-2.571195363998413e-7, 0.42256587982177735, 9.819865226745605e-8, 1) ), ( (0.9898791480065485, -0.14148564926480928, 0.011003789980940662, 0), (0.14113750366707042, 0.9896025808679076, 0.02776241522467887, 0), (-0.014817326097230993, -0.0259283251169955, 0.9995534482560886, 0), (2.16066837310791e-9, 0.2796526527404774, -3.5762785444148905e-9, 1) ), ( (0.9999999999999739, -2.0904432658161443e-7, 9.069015856344453e-8, 0), (2.2145952216327813e-7, 0.9853150358360104, -0.1707462449233723, 0), (-5.366484944618888e-8, 0.1707462652779264, 0.9853151532947365, 0), (2.3841858087791935e-9, 0.7503879547119136, -1.6063451752756918e-7, 1) ), ( (1, -4.336808689942018e-19, 0, 0), (-3.0357660829594124e-18, 1, -1.3877787807814457e-17, 0), (0, 0, 1, 0), (0, 0.07619445800781137, 0, 1) ), ( (0.2470967305568453, 0.06045248986992992, -0.9671036229238876, 0), (0.9143921397933966, -0.34483520655951994, 0.2120736149642498, 0), (-0.32067077015339585, -0.9367139780719907, -0.1404848332071248, 0), (0.1609894561767578, 0.37751304626464843, 0.0013543958961963654, 1) ), ( (0.9978715945042353, -0.04299782110266348, -0.049013020407424945, 0), (0.06110202959599875, 0.35438906190165576, 0.9330994465521231, 0), (-0.022751587804385714, -0.9341091740983581, 0.3562623934053074, 0), (1.9073486186016453e-8, 0.3369330215454102, -7.867813110351563e-8, 1) ), ( (0.968168010032139, 0.25024828498060714, -0.005147835921324839, 0), (-0.25028904137959845, 0.9681181723599215, -0.010087896059847137, 0), (0.002459237014450555, 0.011055235055746841, 0.9999363417766716, 0), (-8.106231689453126e-8, 0.7104627227783198, 8.344650126446141e-9, 1) ), ( (0.8125895235613085, -0.0794017056233007, 0.5774037286461722, 0), (-0.029163360869307264, 0.9838976674619258, 0.1763428073251947, 0), (-0.5821061584822446, -0.16013281659169376, 0.7971866553387185, 0), (3.695487976962397e-8, 0.5654920959472668, -1.9371509552001954e-9, 1) ), ( (0.5883398062833431, 0.531159257809243, -0.6096987391310624, 0), (-0.2972036374412089, 0.8432687795096306, 0.4478495215002892, 0), (0.7520132798689164, -0.08228235561215702, 0.6539857914600627, 0), (-0.10861062049865723, 0.12228891372680664, 0.0000016403198241476958, 1) ), ( (0.7154182352656097, -0.4786486129193229, 0.5089972637187833, 0), (0.43198503161441304, 0.875582476034324, 0.21620227949271123, 0), (-0.5491511252314452, 0.0652038037957329, 0.8331723358446137, 0), (1.33514404296875e-7, 0.13084568023681697, 2.384185769699343e-8, 1) ), ( (0.9005607842903485, -0.14990296050335178, 0.4080772054890669, 0), (0.15905635111596422, 0.9872005049474851, 0.011626148020181814, 0), (-0.40459438163184663, 0.054436890584728566, 0.9128715833432477, 0), (-2.3841857554884882e-9, 0.11738678932189942, -5.0067901753436674e-8, 1) ), ( (0.8688846761035735, 0.3328189957917673, -0.3664299874089839, 0), (-0.30665859646790194, 0.9429908418824101, 0.12934069644482807, 0), (0.3885871167003401, -0.00001324349330633981, 0.9214119885041251, 0), (1.0490417469810609e-7, 0.0932287120819089, -4.291534420275411e-8, 1) ), ( (1, -2.7755575615628914e-17, -1.3877787807814457e-17, 0), (5.551115123125783e-17, 1.0000000000000002, -7.979727989493313e-17, 0), (2.7755575615628914e-17, 3.122502256758253e-17, 1.0000000000000002, 0), (-1.4210854715202004e-16, 0.07619419574737578, 2.1316282072803005e-16, 1) ), ( (0.9955329153593966, -0.09441635773537718, -0.0006936020980904956, 0), (0.09377009692543004, 0.9878056448645116, 0.12428859052067551, 0), (-0.011049720102172034, -0.12379828918169519, 0.9922453998922142, 0), (1.7940998084498005e-7, 0.25740934371948243, -0.0009329631924629922, 1) ), ( (0.9965437265344119, -0.08021775774962484, -0.02159693733831186, 0), (0.0827405672249974, 0.9351400745717235, 0.3444818641396707, 0), (-0.007437400247017778, -0.3450781423224232, 0.9385451256397436, 0), (1.9073486292597864e-8, 0.1849364471435544, 1.3709068298339844e-8, 1) ), ( (0.9995300360155169, -0.028027364867022023, -0.012383030993152744, 0), (0.029760347482341798, 0.9841877559698242, 0.1746076431394772, 0), (0.007293438405474584, -0.17489418011256522, 0.9845597380783404, 0), (1.1920929039455074e-8, 0.1503318214416504, 5.364418001363447e-8, 1) ), ( (0.9998793042216202, -0.009514184673942841, 0.012282397130806644, 0), (0.009513613536854662, 0.9999546794470029, 0.00010488196683160894, 0), (-0.012282838352177972, 0.000011980671587683012, 0.9999245034147286, 0), (7.152557310874386e-9, 0.07619433403015165, -1.2397766099070396e-7, 1) ), ( (1, -1.3877787807814457e-17, 5.551115123125783e-17, 0), (2.7755575615628914e-17, 1, 1.3877787807814457e-17, 0), (5.551115123125783e-17, 0, 1.0000000000000002, 0), (0, 0.07619417667388916, 0, 1) ), ( (0.06001619872377171, -0.07840313449310607, 0.9951127849004059, 0), (-0.9384343968373237, -0.3441977641008904, 0.029479152618584012, 0), (0.3402046417900435, -0.9356181292725674, -0.09423372389025383, 0), (-0.16098989486694337, 0.3774930953979487, 0.00012278079986572266, 1) ), ( (0.9987126950496301, -0.049409943400188346, -0.011482537110257512, 0), (0.0390301805467848, 0.6038993223197904, 0.7961050227091445, 0), (-0.03240119228317567, -0.7955279789316441, 0.6050501102339837, 0), (-4.887580878687459e-8, 0.336930961608887, -3.5047531184773104e-7, 1) ), ( (0.9525301547681727, -0.3043946170877886, 0.005464770577327943, 0), (0.30443829611704365, 0.9524656073053333, -0.011208794928311457, 0), (-0.001793109720888475, 0.012340404288788853, 0.9999218889112832, 0), (3.3378601145273025e-8, 0.7100299835205084, -8.46385952968376e-8, 1) ), ( (0.9566614172335506, 0.16074285260483248, -0.2428152334640328, 0), (-0.11027267469076596, 0.971718436313181, 0.20881383513936716, 0), (0.269513852426153, -0.17298856353998276, 0.9473327746906841, 0), (4.76837158203125e-8, 0.565491104125976, -7.867813096140708e-8, 1) ), ( (0.6170024909125035, -0.5346507534969953, 0.5774490783674142, 0), (0.33244431573543537, 0.8421699962722073, 0.42453587920535296, 0), (-0.7132956884234325, -0.0699707151929465, 0.697369406238018, 0), (0.10555525779724129, 0.12943534851074162, -8.702278137207031e-8, 1) ), ( (0.7148677960533978, 0.48001905850649007, -0.5084751023693798, 0), (-0.42623702723336027, 0.8755833092231569, 0.2273337493694232, 0), (0.5543353913265383, 0.05421719748554271, 0.8305260288970673, 0), (0, 0.13361327171325685, -1.3351440422582073e-7, 1) ), ( (0.9436545137773961, 0.1429938809864393, -0.2984431479890655, 0), (-0.1416357943799092, 0.9895701726945852, 0.026293861580828512, 0), (0.29908997791968855, 0.017457892446987287, 0.954064388487038, 0), (-2.8610229421133227e-8, 0.11684773445129366, 8.583068833445395e-8, 1) ), ( (0.9130472283714519, -0.2633651497822085, 0.3114218307110229, 0), (0.24926471694733957, 0.9646962205171726, 0.08501942722134179, 0), (-0.32281861725800887, -2.778987690105206e-7, 0.9464608498778753, 0), (2.384185702197783e-9, 0.09367410659790068, -8.82148743386324e-8, 1) ), ( (1, 1.3877787807814457e-17, 0, 0), (0, 1, -3.8163916471489756e-17, 0), (0, -2.42861286636753e-17, 0.9999999999999999, 0), (7.105427357601002e-17, 0.0761940336227417, 0, 1) ), ( (0.9965042110064537, 0.08345661370375056, 0.003756681639905432, 0), (-0.08320806893771619, 0.9875157692771922, 0.13375341628188706, 0), (0.007452816394400541, -0.13359827748768066, 0.9910067638820396, 0), (1.4305114753199178e-7, 0.29137527465820257, -0.00036118268966674807, 1) ), ( (0.9985568392724964, 0.05074366227994627, 0.017587480790055288, 0), (-0.05368883754161032, 0.9351422903845837, 0.35018155393105777, 0), (0.0013226982296260514, -0.350620646049823, 0.9365176562043774, 0), (7.152557373046875e-9, 0.1520593738555911, -3.337860097873957e-8, 1) ), ( (0.9999918543937206, 0.0034482577416365904, 0.002208506728499912, 0), (-0.0038765510107414518, 0.9709424550376893, 0.23928367063422631, 0), (-0.0013192199957503398, -0.2392900689705883, 0.9709470453751932, 0), (2.3841858087791935e-9, 0.14928711891174318, -8.523464188670005e-8, 1) ), ( (0.9999543043980234, 0.006197414647957774, -0.007278816356142227, 0), (-0.006197142357441773, 0.9999809149366372, 0.000060063971109254735, 0), (0.007279049680805234, -0.000014953365297081921, 0.9999736264675856, 0), (7.152557373046875e-9, 0.08051032066345186, 3.9935111715294627e-8, 1) ), ( (1, -3.0357660829594124e-18, 6.938893903907228e-18, 0), (-4.336808689942018e-18, 0.9999999999999999, -1.3471211993132393e-17, 0), (0, -6.315477654728063e-17, 1, 0), (-8.881784197001253e-18, 0.07619398593902617, 2.842170943040401e-16, 1) ), ( (-0.9411938191856584, -0.20910027615748844, 0.26538036718963226, 0), (0.2885857980876452, -0.9060072746848182, 0.30962651456747686, 0), (0.17568898766086444, 0.3679940032662414, 0.9130480885178608, 0), (0.2549672508239747, -0.1564345359802246, 0.03748910427093506, 1) ), ( (0.9870797373186193, 0.09355964611035972, 0.13010510122540458, 0), (-0.010817973353229267, 0.8489336836849161, -0.5284015159543617, 0), (-0.1598843071406127, 0.5201560426123043, 0.8389597609677696, 0), (-9.536743306171047e-9, 1.2699726104736333, -2.86102294921875e-8, 1) ), ( (0.9812974925795386, -0.19221685657221185, -0.010468048402543173, 0), (0.07255252938664591, 0.31892777716844367, 0.9450013972169516, 0), (-0.17830495679065708, -0.9280781893867441, 0.32690574903567493, 0), (-1.6689300537109377e-8, 1.2250346374511722, 0, 1) ), ( (0.9988448519082703, -0.00028725129829282325, 0.048045837134301855, 0), (-0.022555477327958595, 0.8801406945989505, 0.4741772716934036, 0), (-0.04242330956214177, -0.47471328010330405, 0.8791176274640099, 0), (1.9595026685692573e-8, 0.41624893188476575, -9.5367431640625e-8, 1) ), ( (0.9999999999986408, 0.0000013872414031945723, 8.912757918921876e-7, 0), (-0.0000013872414895144125, 0.9999999999990332, 9.685693130867534e-8, 0), (-8.9127565750316e-7, -9.68581677224245e-8, 0.9999999999995983, 0), (-6.973743438720703e-8, 0.1622725677490233, -4.768371599794818e-9, 1) ), ( (1, -5.551115123125783e-17, -1.3877787807814457e-17, 0), (-5.551115123125783e-17, 1, 0, 0), (-1.3877787807814457e-17, 0, 0.9999999999999999, 0), (0, 0.0761942100524901, 0, 1) ), ( (-0.9805267049130336, -0.17939208196386636, -0.08004424555933251, 0), (0.17507447282479535, -0.9828406091169865, 0.05807571952692067, 0), (-0.08909749168541108, 0.042935153288256214, 0.9952026262955611, 0), (-0.2549674606323243, -0.15643470764160214, 0.035291965007781985, 1) ), ( (0.9934153472469417, 0.0514991601339516, -0.10226518471001181, 0), (-0.08128183309255854, 0.9462373445451852, -0.31307029861473445, 0), (0.08064689429817797, 0.31933149519080184, 0.9442232621401968, 0), (1.996755603306255e-8, 1.2695093536376951, -7.152557444101148e-9, 1) ), ( (0.9887915807258383, -0.14740460049619636, 0.02372959414433283, 0), (0.012322526516834104, 0.23896356381095787, 0.9709360406017566, 0), (-0.1487950892652431, -0.9597876894892083, 0.2381081848316071, 0), (2.3841857856865544e-8, 1.2244099426269532, 9.536743199589636e-9, 1) ), ( (0.9988147227341977, 0.00036042023553474467, -0.04869461484625066, 0), (0.02283172570085726, 0.8797815392689916, 0.47483186627622964, 0), (0.043011710942672136, -0.4753802742518781, 0.878729477668489, 0), (-1.4808029114021793e-9, 0.4173995590209961, 8.046627062441303e-9, 1) ), ( (0.9999999403942195, -5.366746401169742e-7, 0.0000014085088718248295, 0), (5.366745952084528e-7, 0.9999999403952108, 3.1898172027367e-8, 0), (-0.000001408508972882772, -3.189741801506302e-8, 0.9999999999990075, 0), (3.827735781669617e-9, 0.16473161697387703, 4.4703483609298547e-10, 1) ), ( (1, 0, 7.589415207398531e-19, 0), (1.3877787807814457e-17, 1, 8.673617379884035e-19, 0), (1.1492543028346347e-17, 0, 1, 0), (-8.881784197001253e-18, 0.0761942100524903, -2.7755575615628914e-19, 1) )]
            rel skel:animationSource = </Animated_Woman_AssetRoot/Armature/Hips/Animation>

            def SkelAnimation "Animation"
            {
                uniform token[] joints = ["Hips", "Hips/Spine", "Hips/Spine/Spine1", "Hips/Spine/Spine1/Spine2", "Hips/Spine/Spine1/Spine2/Neck", "Hips/Spine/Spine1/Spine2/Neck/Head", "Hips/Spine/Spine1/Spine2/Neck/Head/HeadTop_End", "Hips/Spine/Spine1/Spine2/Neck/Head/HeadTop_End/HeadTop_End_end", "Hips/Spine/Spine1/Spine2/LeftShoulder", "Hips/Spine/Spine1/Spine2/LeftShoulder/LeftArm", "Hips/Spine/Spine1/Spine2/LeftShoulder/LeftArm/LeftForeArm", "Hips/Spine/Spine1/Spine2/LeftShoulder/LeftArm/LeftForeArm/LeftHand", "Hips/Spine/Spine1/Spine2/LeftShoulder/LeftArm/LeftForeArm/LeftHand/LeftHandThumb1", "Hips/Spine/Spine1/Spine2/LeftShoulder/LeftArm/LeftForeArm/LeftHand/LeftHandThumb1/LeftHandThumb2", "Hips/Spine/Spine1/Spine2/LeftShoulder/LeftArm/LeftForeArm/LeftHand/LeftHandThumb1/LeftHandThumb2/LeftHandThumb3", "Hips/Spine/Spine1/Spine2/LeftShoulder/LeftArm/LeftForeArm/LeftHand/LeftHandThumb1/LeftHandThumb2/LeftHandThumb3/LeftHandThumb4", "Hips/Spine/Spine1/Spine2/LeftShoulder/LeftArm/LeftForeArm/LeftHand/LeftHandThumb1/LeftHandThumb2/LeftHandThumb3/LeftHandThumb4/LeftHandThumb4_end", "Hips/Spine/Spine1/Spine2/LeftShoulder/LeftArm/LeftForeArm/LeftHand/LeftHandIndex1", "Hips/Spine/Spine1/Spine2/LeftShoulder/LeftArm/LeftForeArm/LeftHand/LeftHandIndex1/LeftHandIndex2", "Hips/Spine/Spine1/Spine2/LeftShoulder/LeftArm/LeftForeArm/LeftHand/LeftHandIndex1/LeftHandIndex2/LeftHandIndex3", "Hips/Spine/Spine1/Spine2/LeftShoulder/LeftArm/LeftForeArm/LeftHand/LeftHandIndex1/LeftHandIndex2/LeftHandIndex3/LeftHandIndex4", "Hips/Spine/Spine1/Spine2/LeftShoulder/LeftArm/LeftForeArm/LeftHand/LeftHandIndex1/LeftHandIndex2/LeftHandIndex3/LeftHandIndex4/LeftHandIndex4_end", "Hips/Spine/Spine1/Spine2/RightShoulder", "Hips/Spine/Spine1/Spine2/RightShoulder/RightArm", "Hips/Spine/Spine1/Spine2/RightShoulder/RightArm/RightForeArm", "Hips/Spine/Spine1/Spine2/RightShoulder/RightArm/RightForeArm/RightHand", "Hips/Spine/Spine1/Spine2/RightShoulder/RightArm/RightForeArm/RightHand/RightHandThumb1", "Hips/Spine/Spine1/Spine2/RightShoulder/RightArm/RightForeArm/RightHand/RightHandThumb1/RightHandThumb2", "Hips/Spine/Spine1/Spine2/RightShoulder/RightArm/RightForeArm/RightHand/RightHandThumb1/RightHandThumb2/RightHandThumb3", "Hips/Spine/Spine1/Spine2/RightShoulder/RightArm/RightForeArm/RightHand/RightHandThumb1/RightHandThumb2/RightHandThumb3/RightHandThumb4", "Hips/Spine/Spine1/Spine2/RightShoulder/RightArm/RightForeArm/RightHand/RightHandThumb1/RightHandThumb2/RightHandThumb3/RightHandThumb4/RightHandThumb4_end", "Hips/Spine/Spine1/Spine2/RightShoulder/RightArm/RightForeArm/RightHand/RightHandIndex1", "Hips/Spine/Spine1/Spine2/RightShoulder/RightArm/RightForeArm/RightHand/RightHandIndex1/RightHandIndex2", "Hips/Spine/Spine1/Spine2/RightShoulder/RightArm/RightForeArm/RightHand/RightHandIndex1/RightHandIndex2/RightHandIndex3", "Hips/Spine/Spine1/Spine2/RightShoulder/RightArm/RightForeArm/RightHand/RightHandIndex1/RightHandIndex2/RightHandIndex3/RightHandIndex4", "Hips/Spine/Spine1/Spine2/RightShoulder/RightArm/RightForeArm/RightHand/RightHandIndex1/RightHandIndex2/RightHandIndex3/RightHandIndex4/RightHandIndex4_end", "Hips/LeftUpLeg", "Hips/LeftUpLeg/LeftLeg", "Hips/LeftUpLeg/LeftLeg/LeftFoot", "Hips/LeftUpLeg/LeftLeg/LeftFoot/LeftToeBase", "Hips/LeftUpLeg/LeftLeg/LeftFoot/LeftToeBase/LeftToe_End", "Hips/LeftUpLeg/LeftLeg/LeftFoot/LeftToeBase/LeftToe_End/LeftToe_End_end", "Hips/RightUpLeg", "Hips/RightUpLeg/RightLeg", "Hips/RightUpLeg/RightLeg/RightFoot", "Hips/RightUpLeg/RightLeg/RightFoot/RightToeBase", "Hips/RightUpLeg/RightLeg/RightFoot/RightToeBase/RightToe_End", "Hips/RightUpLeg/RightLeg/RightFoot/RightToeBase/RightToe_End/RightToe_End_end"]
                quatf[] rotations = [(0.71216756, 0.700262, 0.04316497, -0.024233846), (0.9993926, 0.019223021, -0.010519136, 0.02709596), (0.99863106, 0.006470628, 0.0028224564, 0.0518282), (0.9986517, 0.0065434757, 0.007330428, 0.050972734), (0.99605644, 0.086648054, -0.004249568, -0.01858992), (0.9973758, 0.013457992, -0.006472266, -0.070841625), (0.996322, -0.085688286, -3.6221977e-8, -1.0802327e-7), (1, -3.469447e-18, 0, 6.505213e-19), (0.436399, 0.6581065, 0.3703218, -0.48919672), (0.8228797, 0.56727874, 0.007978526, -0.031626705), (0.99199575, -0.0053284327, 0.001917113, 0.12614404), (0.94784933, 0.08874715, -0.30582666, -0.013250606), (0.87829304, 0.15089835, 0.38760218, 0.23578718), (0.92522615, 0.040800404, -0.28591615, -0.24605672), (0.97476053, -0.010979847, -0.2084284, -0.079239674), (0.96608585, 0.033473715, 0.19538043, 0.16548155), (1, -2.7755576e-17, 1.0408341e-17, -2.0816682e-17), (0.9969433, 0.06221189, -0.002596969, -0.04719085), (0.9836447, 0.17525628, 0.003598742, -0.041416954), (0.996027, 0.08772403, 0.004938741, -0.014504561), (0.99996984, 0.000023226026, -0.0061414945, -0.0047570933), (1, 3.469447e-18, -6.162976e-33, -1.0408341e-17), (0.39420325, 0.6120555, -0.41533715, 0.5454236), (0.8954973, 0.4443432, -0.005839954, -0.02469022), (0.98804337, -0.0059585464, -0.001836428, -0.1540502), (0.98434144, 0.09696895, 0.13011973, 0.06883172), (0.88833284, 0.13916692, -0.36324885, -0.24402381), (0.9247938, 0.04679855, 0.28730997, 0.24498834), (0.9858105, 0.0022407805, 0.15153354, 0.07218163), (0.9777786, 0.021737974, -0.1621636, -0.13107002), (1, -3.469447e-18, 2.1684043e-19, 3.4152368e-18), (0.9968735, 0.06704756, 0.0009269331, 0.04179684), (0.9836432, 0.17811382, -0.004133812, 0.026542267), (0.9927085, 0.1205222, -0.00088840944, 0.0018446518), (0.99998856, 0.000018754547, 0.0036395078, 0.0030986744), (1, 1.2420891e-17, -1.7347235e-18, 3.2526065e-19), (-0.1283264, 0.11372933, 0.17472433, 0.96957177), (0.95851094, -0.27348658, -0.07563572, 0.027223792), (0.81042135, 0.57781106, -0.051774886, -0.08167634), (0.9692914, 0.24473816, -0.023333838, 0.005743428), (1, 4.8428774e-8, -4.4563785e-7, 6.9362073e-7), (1, 0, 6.938894e-18, -4.3368087e-19), (-0.08907998, -0.042504188, 0.02538376, 0.99479336), (0.98537743, -0.16044581, 0.046406455, 0.03368811), (0.7851534, 0.6147601, -0.054932773, -0.050858628), (0.9691908, 0.24510427, 0.023655362, -0.005796403), (1, 1.5948897e-8, -7.042545e-7, -2.6833732e-7), (1, 2.1684043e-19, 2.6834004e-18, -3.469447e-18)]
                quatf[] rotations.timeSamples = {
                    0: [(0.71216756, 0.700262, 0.04316497, -0.024233846), (0.9993926, 0.019223021, -0.010519136, 0.02709596), (0.99863106, 0.006470628, 0.0028224564, 0.0518282), (0.9986517, 0.0065434757, 0.007330428, 0.050972734), (0.99605644, 0.086648054, -0.004249568, -0.01858992), (0.9973758, 0.013457992, -0.006472266, -0.070841625), (0.996322, -0.085688286, -3.6221977e-8, -1.0802327e-7), (1, -3.469447e-18, 0, 6.505213e-19), (0.436399, 0.6581065, 0.3703218, -0.48919672), (0.8228797, 0.56727874, 0.007978526, -0.031626705), (0.99199575, -0.0053284327, 0.001917113, 0.12614404), (0.94784933, 0.08874715, -0.30582666, -0.013250606), (0.87829304, 0.15089835, 0.38760218, 0.23578718), (0.92522615, 0.040800404, -0.28591615, -0.24605672), (0.97476053, -0.010979847, -0.2084284, -0.079239674), (0.96608585, 0.033473715, 0.19538043, 0.16548155), (1, -2.7755576e-17, 1.0408341e-17, -2.0816682e-17), (0.9969433, 0.06221189, -0.002596969, -0.04719085), (0.9836447, 0.17525628, 0.003598742, -0.041416954), (0.996027, 0.08772403, 0.004938741, -0.014504561), (0.99996984, 0.000023226026, -0.0061414945, -0.0047570933), (1, 3.469447e-18, -6.162976e-33, -1.0408341e-17), (0.39420325, 0.6120555, -0.41533715, 0.5454236), (0.8954973, 0.4443432, -0.005839954, -0.02469022), (0.98804337, -0.0059585464, -0.001836428, -0.1540502), (0.98434144, 0.09696895, 0.13011973, 0.06883172), (0.88833284, 0.13916692, -0.36324885, -0.24402381), (0.9247938, 0.04679855, 0.28730997, 0.24498834), (0.9858105, 0.0022407805, 0.15153354, 0.07218163), (0.9777786, 0.021737974, -0.1621636, -0.13107002), (1, -3.469447e-18, 2.1684043e-19, 3.4152368e-18), (0.9968735, 0.06704756, 0.0009269331, 0.04179684), (0.9836432, 0.17811382, -0.004133812, 0.026542267), (0.9927085, 0.1205222, -0.00088840944, 0.0018446518), (0.99998856, 0.000018754547, 0.0036395078, 0.0030986744), (1, 1.2420891e-17, -1.7347235e-18, 3.2526065e-19), (-0.1283264, 0.11372933, 0.17472433, 0.96957177), (0.95851094, -0.27348658, -0.07563572, 0.027223792), (0.81042135, 0.57781106, -0.051774886, -0.08167634), (0.9692914, 0.24473816, -0.023333838, 0.005743428), (1, 4.8428774e-8, -4.4563785e-7, 6.9362073e-7), (1, 0, 6.938894e-18, -4.3368087e-19), (-0.08907998, -0.042504188, 0.02538376, 0.99479336), (0.98537743, -0.16044581, 0.046406455, 0.03368811), (0.7851534, 0.6147601, -0.054932773, -0.050858628), (0.9691908, 0.24510427, 0.023655362, -0.005796403), (1, 1.5948897e-8, -7.042545e-7, -2.6833732e-7), (1, 2.1684043e-19, 2.6834004e-18, -3.469447e-18)],
