#usda 1.0
(
    defaultPrim = "Animated_Woman_AssetRoot"
    endTimeCode = 28
    framesPerSecond = 24
    metersPerUnit = 1
    startTimeCode = 0
    timeCodesPerSecond = 24
    upAxis = "Y"
)

def SkelRoot "Animated_Woman_AssetRoot" (
    kind = "assembly"
)
{
    def Xform "Armature"
    {
        float3 xformOp:rotateXYZ.timeSamples = {
            0: (-90.00001, 0, 0),
        }
        float3 xformOp:scale.timeSamples = {
            0: (1, 1, 1),
        }
        double3 xformOp:translate.timeSamples = {
            0: (0, 0, 0),
        }
        uniform token[] xformOpOrder = ["xformOp:translate", "xformOp:rotateXYZ", "xformOp:scale"]

        def Xform "ArmatureShape"
        {
        }

        def Skeleton "Hips" (
            prepend apiSchemas = ["SkelBindingAPI"]
            customData = {
                dictionary Maya = {
                    bool generated = 1
                }
            }
        )
        {
            uniform matrix4d[] bindTransforms = [( (4.371139999999929e-8, 5.210792282599915e-15, -0.9999999999999981, 0), (-1.1920899999767753e-7, 0.9999999999999858, -5.2108924813998314e-15, 0), (0.9999999999999838, 1.1920899999999807e-7, 4.371139999999929e-8, 0), (-0.09145275858700018, 2.841609179098008, -0.003623503997528112, 1) ), ( (7.870031215563148e-10, -1.289748271219305e-11, -0.9999999999999999, 0), (0.016385891550208483, 0.9998654843945565, 1.289921923615378e-11, 0), (0.9998654843945564, -0.016385891550208486, 7.871091073027598e-10, 0), (-0.08683586220028268, 3.1232806133566173, -0.0036233500683584947, 1) ), ( (1.0727737524013887e-7, 4.3853777530901e-15, -0.9999999999999885, 0), (0.01638579160395886, 0.9998654876712837, 1.7578349513838742e-9, 0), (0.9998654876712723, -0.01638579160395905, 1.0726356978640243e-7, 0), (-0.08145034546601969, 3.4518997236400737, -0.0036233487378301617, 1) ), ( (1.0172063050327367e-7, -3.73573809819308e-15, -0.9999999999999897, 1.5407439555097887e-33), (0.016385691657708465, 0.9998654909479913, 1.6667525554181495e-9, -4.336808689942018e-19), (0.9998654909479808, -0.016385691657708635, 1.0170631773922869e-7, 6.776263578034403e-21), (-0.07529552039663534, 3.8274635099249323, -0.003623357659060335, 1) ), ( (6.379594306099813e-8, -2.1251003257716453e-15, -0.9999999999999959, 0), (0.17074602633911057, 0.98531515199373, 1.0892913496337794e-8, 0), (0.985315151993726, -0.17074602633911123, 6.285916543657673e-8, 0), (-0.06837406161601879, 4.249975995051486, -0.0036232043619916342, 1) ), ( (2.4277819678210753e-7, -6.07700093719609e-15, -0.999999999999941, 0), (0.17074602633910116, 0.9853151519937299, 4.145337878264533e-8, 0), (0.9853151519936718, -0.17074602633911126, 2.3921284197074176e-7, 0), (-0.02062328031281406, 4.525522774717207, -0.0036231950068787476, 1) ), ( (4.371529999999954e-8, 4.071306434189957e-15, -0.9999999999999981, 0), (-9.313230000043693e-8, 0.9999999999999913, -4.071287577900318e-15, 0), (0.9999999999999895, 9.313229999999901e-8, 4.371529999999954e-8, 0), (0.10750318982693996, 5.26489137001202, -0.0036230453004658055, 1) ), ( (1, 0, 0, 0), (0, 1, 0, 0), (0, 0, 1, 0), (0, 0, 0, 1) ), ( (-0.9998299802052852, 0.01643872073239509, -0.008292153415478405, -6.776263578034403e-21), (0.0036574885821727843, -0.2640656884469849, -0.9644974408689484, 1.0842021724855044e-19), (-0.018044748073126525, -0.9643641139154313, 0.26396091624867, 4.336808689942018e-19), (-0.06775743786056372, 4.20490453522793, -0.16461078454628728, 1) ), ( (-0.994165588224983, 0.0453813367369479, 0.09784632910499666, -1.3552527156068805e-20), (-0.09940398275564144, -0.033435073470376955, -0.9944855291665222, 1.3552527156068805e-20), (-0.04185960088705051, -0.9984100984365301, 0.03775115084572574, 4.336808689942018e-19), (-0.06652495741112159, 4.115935284315726, -0.48958257888065626, 1) ), ( (-0.9991227340658465, 0.04184918034898866, -0.001068991874865241, 0), (-0.0037672753754908945, -0.11531442184197949, -0.9933217275228402, 0), (-0.04169297077077536, -0.9924471157926131, 0.11537155994680501, 0), (-0.13714771346125781, 4.092179350658742, -1.1961270128032677, 1) ), ( (-0.9900302104929796, -0.08418249431141701, 0.11293246785689744, 0), (-0.10515850681456879, -0.0916758156049573, -0.9902205310839566, 0), (0.093712442710654, -0.9922233633328925, 0.08190935386534576, 0), (-0.13927754567116846, 4.026967487877791, -1.757841314205061, 1) ), ( (-0.8056581227502346, 0.145701914510574, -0.574182843785469, 0), (0.5788106451775722, -0.012657829963081508, -0.8153632168032727, 0), (-0.1260678347829405, -0.9892471067957073, -0.07413615923633027, 0), (-0.044607559604833175, 4.024896021309577, -1.891197305818949, 1) ), ( (-0.9408146681320319, -0.14293092167875573, -0.30730794003051115, 0), (0.331542753056603, -0.1999618455271227, -0.9220054429885026, 0), (0.07033324221552166, -0.9693218564691415, 0.235514770171928, 0), (0.031126287957843193, 4.023239791056457, -1.997886209212089, 1) ), ( (-0.8975573481677409, -0.4371265281882352, 0.0575477861846391, 0), (0.023862672270230558, -0.17849567538758174, -0.9836517132648117, 0), (0.44025171091456383, -0.8815101855462594, 0.170640468032644, 0), (0.0700451314428797, 3.9997706742531465, -2.106115893291177, 1) ), ( (-0.9332536788913767, -0.11620714415384159, -0.33990321007140445, 5.421010862427522e-20), (0.3546880061448889, -0.14828619401933874, -0.9231508755448783, 5.421010862427522e-20), (0.05687372551276064, -0.9820924981040134, 0.17960549913126006, 4.336808689942018e-19), (0.07226969431963448, 3.983125747828395, -2.1978194155708426, 1) ), ( (1, 0, 0, 0), (0, 1, 0, 0), (0, 0, 1, 0), (0, 0, 0, 1) ), ( (-0.9897661977468091, -0.0901628285897007, 0.110601659153835, 0), (-0.0705369105626589, -0.36463222960010855, -0.928475942762463, 0), (0.12404289611530789, -0.9267759859720394, 0.3545418043666235, 0), (-0.1664369758259147, 4.0042975472944065, -2.0128119583244546, 1) ), ( (-0.9913591123613396, -0.08359474842863351, 0.10108989266996776, 0), (-0.06929965379678986, -0.3205668989275561, -0.9446869226169905, 0), (0.11137658915470952, -0.9435299210760894, 0.3120037666080991, 0), (-0.17948069837559558, 3.9368634109936216, -2.1845180000327225, 1) ), ( (-0.9929760996690974, -0.07565505949234698, 0.09096634503602366, 0), (-0.0691018213843412, -0.25325056058181566, -0.9649290436002176, 0), (0.09603905299031285, -0.9644376919575969, 0.24624411977451977, 0), (-0.18989841129986695, 3.888673046389634, -2.3265345834757545, 1) ), ( (-0.9910193247500303, -0.08508240472485638, 0.10316051421820142, 0), (-0.0785349733326177, -0.25406041948895125, -0.9639939835990342, 0), (0.10822748513215706, -0.9634384476914651, 0.24509717023749428, 0), (-0.19516253632484354, 3.869375646099758, -2.4000582867841262, 1) ), ( (1, 0, 0, 0), (0, 1, 0, 0), (0, 0, 1, 0), (0, 0, 0, 1) ), ( (0.999865096784571, -0.01641302164977419, -0.0007057494665271447, 0), (-0.003653861433573195, -0.26406250635560313, 0.96449816085817, 0), (-0.016016674397263616, -0.9643656821786362, -0.2640871768443691, 0), (-0.06898783770362718, 4.204904321866043, 0.1573670655483965, 1) ), ( (0.9949116801754571, -0.04162474852429729, 0.09174863290449689, 0), (-0.09316462597681685, -0.03345569195230199, 0.9950889482070646, 0), (-0.03835083857432033, -0.9985730583286123, -0.037163448059835597, 0), (-0.07021875082992483, 4.115934984107241, 0.48233693323025406, 1) ), ( (0.9992635333076276, -0.0383118799605319, -0.0022634101617272865, 0), (-0.0021717316890216254, -0.11532770279924379, 0.993325216094136, 0), (-0.03831719179791134, -0.9925877536197854, -0.11532617727773475, 0), (-0.13636866134978126, 4.092176915794396, 1.188879373248255, 1) ), ( (0.9969694162431892, 0.00962846624327651, 0.07719254571707003, 0), (-0.07698850969335014, -0.020017927434864653, 0.9968310087167056, 0), (0.011143227214928064, -0.999752512463167, -0.019216041080234447, 0), (-0.13759683777298765, 4.026960213952676, 1.7505963352042813, 1) ), ( (0.8005274652446241, -0.21736862162702278, -0.5584851713171094, 0), (0.5704192336261058, -0.009420417510761487, 0.8212995043566641, 0), (-0.1837864716402876, -0.976044165877208, 0.11644970101901692, 0), (-0.04232183904207285, 4.025389859460287, 1.8877683853745744, 1) ), ( (0.952396246726136, 0.074044589631426, -0.2957332363645728, 0), (0.30465626373442256, -0.1955851490348498, 0.9321641718853219, 0), (0.011180737004867988, -0.9778869195746905, -0.20883245236487946, 0), (0.03389090537097103, 4.024127478476142, 1.9975063441774281, 1) ), ( (0.959208746625996, 0.2799792668377055, -0.03911549661057678, 0), (0.09934947718713799, -0.20431636593787153, 0.9738497742398315, 0), (0.26466571631347197, -0.9380120747144854, -0.22379735877485368, 0), (0.06949024140552593, 4.001276483931525, 2.1064254237582904, 1) ), ( (0.9320601299172581, 0.017326617443997817, -0.36188790973833196, 0), (0.3574403341100013, -0.20706342608512363, 0.9106919546724275, 0), (-0.059154702839299494, -0.9781740338337606, -0.19918931188026234, 0), (0.07879644358752005, 3.9821363607656384, 2.1976534614993297, 1) ), ( (1, 0, 0, 0), (0, 1, 0, 0), (0, 0, 1, 0), (0, 0, 0, 1) ), ( (0.9976705448877835, 0.014887316071220121, 0.06656869089893647, 0), (-0.0489891021541973, -0.5227105037025104, 0.8511007351349367, 0), (0.047466814424353666, -0.8523802036164748, -0.5207638474519565, 0), (-0.16003358017959213, 4.021494734453966, 2.0410575736849292, 1) ), ( (0.9984168473254544, 0.008362719413444665, 0.055612126684655594, 0), (-0.05035173048828722, -0.3074954091125795, 0.9502156785411311, 0), (0.02504692651846667, -0.9515124399394603, -0.30658798084748184, 0), (-0.1674827461105085, 3.942010473927311, 2.1704735812505405, 1) ), ( (0.9987118504211296, 0.003809723742945477, 0.050596219903370834, 0), (-0.049347116909366155, -0.15906897949819973, 0.9860338542293844, 0), (0.011804802230863554, -0.9872602379509582, -0.15867619647055864, 0), (-0.17499980505602536, 3.896107037219465, 2.3123317246211665, 1) ), ( (0.998274080321598, 0.010009828758269525, 0.05785972072188714, 0), (-0.05553458635947105, -0.15914854249503538, 0.98569184214, 0), (0.019074879937405635, -0.9872037311706124, -0.15831855092995678, 0), (-0.17897265836812182, 3.8832994850714453, 2.391718058454653, 1) ), ( (1, 0, 0, 0), (0, 1, 0, 0), (0, 0, 1, 0), (0, 0, 0, 1) ), ( (0.0006958672270452847, -0.014239201776955032, 0.999895749179483, 0), (0.05102099115866621, -0.998595646797626, -0.014256218387204325, 0), (0.9986686776716241, 0.051024262052696535, 0.00003160833247184587, 0), (-0.05396454959963791, 2.6851746239584084, -0.25858953097554116, 1) ), ( (-0.0002580176732703515, 0.004570839985388856, 0.9999870406532075, 0), (-0.07539969961519075, -0.997142118687069, 0.004538378776557189, 0), (0.9971257085278324, -0.07539567737152943, 0.0006019052793013058, 0), (0.012205219602781368, 1.41705612603454, -0.27669396953744585, 1) ), ( (-0.041860434790029655, 0.00785381176035449, 0.9990911912002379, 0), (0.8736088100637329, -0.48490511262710795, 0.04041476705420916, 0), (0.4847879178610811, 0.8745179784398114, 0.013437371838691481, 0), (-0.08427590951975797, 0.19584043434946544, -0.2711340050251024, 1) ), ( (-0.018353545373730722, 0.05015269068965911, 0.9985708050505818, 0), (0.9995762498427146, -0.02038033285341683, 0.019395694276646447, 0), (0.021324608738353897, 0.9985331649849265, -0.04975885486695682, 0), (0.279342367625524, -0.006038417899749642, -0.2543165408889939, 1) ), ( (-0.01835223340462806, 0.05015355917451621, 0.9985707710949278, 0), (0.9995763049704077, -0.02038028553482775, 0.019394307837004354, 0), (0.021324458566888613, 0.9985330841890506, -0.04975968343242648, 0), (0.44154529994423286, -0.009388392350454465, -0.2511693418906006, 1) ), ( (1, 0, 0, 0), (0, 1, 0, 0), (0, 0, 1, 0), (0, 0, 0, 1) ), ( (-0.0007226301821102851, 0.01424013264806447, 0.9999086895234769, 0), (0.04927197371301474, -0.9986832386050065, 0.014258351150568865, 0), (0.9988902843016361, 0.04928246354636082, 0.000020039992396520337, 0), (-0.05615967236407946, 2.685174073128851, 0.25134366827293436, 1) ), ( (0.00014210725523725254, -0.00457261956124767, 1.0000000714130939, 0), (-0.08672875797143195, -0.9962232384359603, -0.004543021582243678, 0), (0.9963349459689871, -0.08673595259734351, -0.0005381963612559708, 0), (0.0003958655771185162, 1.4170545442348876, 0.2694467223716928, 1) ), ( (0.041789039525182925, -0.00757684086930599, 0.9991054812869257, 0), (0.8742135703422413, -0.4840299568964909, -0.040235960541999724, 0), (0.4838752523240032, 0.8750667129232599, -0.013602615509189814, 0), (-0.08783973841892849, 0.19583900773559595, 0.2638860857897046, 1) ), ( (0.017991006384644917, -0.050547244019885355, 0.9985692802965642, 0), (0.9996925278659516, -0.02148764829708175, -0.019098882889133306, 0), (0.02241972713939769, 0.9984911241399177, 0.050139389680075586, 0), (0.2771408151112562, -0.006040934016414358, 0.24706843281616903, 1) ), ( (0.01799053497808027, -0.05054584132662864, 0.9985694396689405, -5.421010862427522e-20), (0.9996925441985887, -0.021487701939905762, -0.01909835520020975, -3.469446951953614e-18), (0.022419778522509662, 0.9984912627131111, 0.05013800707737231, -1.0842021724855044e-19), (0.4418258026966694, -0.009390747253740317, 0.2439211709439097, 1) ), ( (1, 0, 0, 0), (0, 1, 0, 0), (0, 0, 1, 0), (0, 0, 0, 1) )]
            uniform token[] joints = ["Hips", "Hips/Spine", "Hips/Spine/Spine1", "Hips/Spine/Spine1/Spine2", "Hips/Spine/Spine1/Spine2/Neck", "Hips/Spine/Spine1/Spine2/Neck/Head", "Hips/Spine/Spine1/Spine2/Neck/Head/HeadTop_End", "Hips/Spine/Spine1/Spine2/Neck/Head/HeadTop_End/HeadTop_End_end", "Hips/Spine/Spine1/Spine2/LeftShoulder", "Hips/Spine/Spine1/Spine2/LeftShoulder/LeftArm", "Hips/Spine/Spine1/Spine2/LeftShoulder/LeftArm/LeftForeArm", "Hips/Spine/Spine1/Spine2/LeftShoulder/LeftArm/LeftForeArm/LeftHand", "Hips/Spine/Spine1/Spine2/LeftShoulder/LeftArm/LeftForeArm/LeftHand/LeftHandThumb1", "Hips/Spine/Spine1/Spine2/LeftShoulder/LeftArm/LeftForeArm/LeftHand/LeftHandThumb1/LeftHandThumb2", "Hips/Spine/Spine1/Spine2/LeftShoulder/LeftArm/LeftForeArm/LeftHand/LeftHandThumb1/LeftHandThumb2/LeftHandThumb3", "Hips/Spine/Spine1/Spine2/LeftShoulder/LeftArm/LeftForeArm/LeftHand/LeftHandThumb1/LeftHandThumb2/LeftHandThumb3/LeftHandThumb4", "Hips/Spine/Spine1/Spine2/LeftShoulder/LeftArm/LeftForeArm/LeftHand/LeftHandThumb1/LeftHandThumb2/LeftHandThumb3/LeftHandThumb4/LeftHandThumb4_end", "Hips/Spine/Spine1/Spine2/LeftShoulder/LeftArm/LeftForeArm/LeftHand/LeftHandIndex1", "Hips/Spine/Spine1/Spine2/LeftShoulder/LeftArm/LeftForeArm/LeftHand/LeftHandIndex1/LeftHandIndex2", "Hips/Spine/Spine1/Spine2/LeftShoulder/LeftArm/LeftForeArm/LeftHand/LeftHandIndex1/LeftHandIndex2/LeftHandIndex3", "Hips/Spine/Spine1/Spine2/LeftShoulder/LeftArm/LeftForeArm/LeftHand/LeftHandIndex1/LeftHandIndex2/LeftHandIndex3/LeftHandIndex4", "Hips/Spine/Spine1/Spine2/LeftShoulder/LeftArm/LeftForeArm/LeftHand/LeftHandIndex1/LeftHandIndex2/LeftHandIndex3/LeftHandIndex4/LeftHandIndex4_end", "Hips/Spine/Spine1/Spine2/RightShoulder", "Hips/Spine/Spine1/Spine2/RightShoulder/RightArm", "Hips/Spine/Spine1/Spine2/RightShoulder/RightArm/RightForeArm", "Hips/Spine/Spine1/Spine2/RightShoulder/RightArm/RightForeArm/RightHand", "Hips/Spine/Spine1/Spine2/RightShoulder/RightArm/RightForeArm/RightHand/RightHandThumb1", "Hips/Spine/Spine1/Spine2/RightShoulder/RightArm/RightForeArm/RightHand/RightHandThumb1/RightHandThumb2", "Hips/Spine/Spine1/Spine2/RightShoulder/RightArm/RightForeArm/RightHand/RightHandThumb1/RightHandThumb2/RightHandThumb3", "Hips/Spine/Spine1/Spine2/RightShoulder/RightArm/RightForeArm/RightHand/RightHandThumb1/RightHandThumb2/RightHandThumb3/RightHandThumb4", "Hips/Spine/Spine1/Spine2/RightShoulder/RightArm/RightForeArm/RightHand/RightHandThumb1/RightHandThumb2/RightHandThumb3/RightHandThumb4/RightHandThumb4_end", "Hips/Spine/Spine1/Spine2/RightShoulder/RightArm/RightForeArm/RightHand/RightHandIndex1", "Hips/Spine/Spine1/Spine2/RightShoulder/RightArm/RightForeArm/RightHand/RightHandIndex1/RightHandIndex2", "Hips/Spine/Spine1/Spine2/RightShoulder/RightArm/RightForeArm/RightHand/RightHandIndex1/RightHandIndex2/RightHandIndex3", "Hips/Spine/Spine1/Spine2/RightShoulder/RightArm/RightForeArm/RightHand/RightHandIndex1/RightHandIndex2/RightHandIndex3/RightHandIndex4", "Hips/Spine/Spine1/Spine2/RightShoulder/RightArm/RightForeArm/RightHand/RightHandIndex1/RightHandIndex2/RightHandIndex3/RightHandIndex4/RightHandIndex4_end", "Hips/LeftUpLeg", "Hips/LeftUpLeg/LeftLeg", "Hips/LeftUpLeg/LeftLeg/LeftFoot", "Hips/LeftUpLeg/LeftLeg/LeftFoot/LeftToeBase", "Hips/LeftUpLeg/LeftLeg/LeftFoot/LeftToeBase/LeftToe_End", "Hips/LeftUpLeg/LeftLeg/LeftFoot/LeftToeBase/LeftToe_End/LeftToe_End_end", "Hips/RightUpLeg", "Hips/RightUpLeg/RightLeg", "Hips/RightUpLeg/RightLeg/RightFoot", "Hips/RightUpLeg/RightLeg/RightFoot/RightToeBase", "Hips/RightUpLeg/RightLeg/RightFoot/RightToeBase/RightToe_End", "Hips/RightUpLeg/RightLeg/RightFoot/RightToeBase/RightToe_End/RightToe_End_end"]
            uniform matrix4d[] restTransforms = [( (0.9807631657409694, 0.17521468281800276, -0.08604109496572936, 0), (0.08389299162556178, 0.01964385025213251, 0.996280289965644, 0), (0.1762532394553465, -0.9843339600620254, 0.004566684108644141, 0), (0.006343631744384765, 0.05299049377441406, 2.763624267578125, 1) ), ( (0.9978270304212968, 0.06363319307057456, 0.01710991981643195, 0), (-0.06456581833760786, 0.9960469650012669, 0.06100963408655191, 0), (-0.013160044310777469, -0.0619817705935082, 0.9979909954615702, 0), (-1.5020370479845725e-7, 0.2816724014282221, 0.004616041183471676, 1) ), ( (0.99910000334881, 0.014265198586344448, 0.039937102575059585, 0), (-0.015401846751960532, 0.9994810721868606, 0.0282992277994996, 0), (-0.03951267457680133, -0.02888885683518698, 0.9988010148387589, 0), (2.3841857732520566e-9, 0.3286627578735346, 9.536743199589636e-9, 1) ), ( (0.9991950473173705, 0.007072732246407395, 0.039484116508328435, 0), (-0.005046183141100365, 0.9986761115282052, -0.05119140844526796, 0), (-0.03979390706691392, 0.050950957700646775, 0.9979079148153762, 0), (-1.4901158973401608e-10, 0.3756145858764643, 1.4305114675039477e-8, 1) ), ( (0.9996510767208002, -0.015615236812510319, 0.021321455065245187, 0), (0.013486034990668918, 0.995232989384702, 0.09659141026942067, 0), (-0.022728083404618245, -0.09627003914953386, 0.9950950121852373, 0), (-1.5094876288923588e-7, 0.4225653839111328, 6.28829002380371e-8, 1) ), ( (0.9977390238548547, 0.018302321933266558, 0.0646747165711379, 0), (-0.016762329926249174, 0.9995670499083923, -0.024274822162277124, 0), (-0.0650907490751911, 0.023135748796386246, 0.997609977164043, 0), (-1.7881393432617187e-9, 0.2796524620056152, -8.106231696558553e-8, 1) ), ( (0.9999999999999738, -2.0948155114437587e-7, 9.140210091400369e-8, 0), (2.2201187344658788e-7, 0.9853149799486872, -0.17074621834577483, 0), (-5.4291679795967496e-8, 0.17074622852305898, 0.9853150386780607, 0), (1.1473894114821803e-8, 0.7503874969482422, -3.337860107421875e-8, 1) ), ( (1, -3.2526065174565133e-19, 0, 0), (9.75781955236954e-19, 1, 0, 0), (0, 1.3877787807814457e-17, 1, 0), (-1.1102230246251566e-18, 0.07619445800781251, -1.4210854715202004e-16, 1) ), ( (0.36334085733693205, 0.13606565262179623, -0.9216673758246625, 0), (0.9195440631742717, -0.21137393081297995, 0.33129869239031495, 0), (-0.1497378155848234, -0.9678863838703434, -0.20191878725109808, 0), (0.16098960876464852, 0.37751331329345705, 0.0013543134927749634, 1) ), ( (0.998466148130787, -0.05326020555300914, -0.015067601400455682, 0), (0.04255839253254255, 0.564662588922965, 0.8242233371065201, 0), (-0.03539021041560797, -0.8236007462186314, 0.5660634188098438, 0), (1.0967254638671875e-7, 0.3369330215454103, -2.1457672119140624e-8, 1) ), ( (0.8065529444854391, 0.5859811496718015, 0.07808182273631156, 0), (-0.5836278856752473, 0.810318408243239, -0.05256694379787724, 0), (-0.09407441572476719, -0.0031727071342421663, 0.9955600529481876, 0), (4.2915344096172704e-8, 0.7104624938964844, 3.218650817871094e-8, 1) ), ( (0.9018023621392974, 0.40652474439036107, -0.1465983816857438, 0), (-0.40906578850592706, 0.9124022748823672, 0.013762820636342765, 0), (0.1393513499876455, 0.04755694489606632, 0.9890999463067018, 0), (-9.536743192484209e-8, 0.5654919433593747, 7.152557401468585e-8, 1) ), ( (0.4224302230332073, 0.39930240226483604, -0.813706583764543, 0), (-0.22337527373115923, 0.9159075188104575, 0.3334907339149742, 0), (0.8784364038023587, 0.04088502947916922, 0.4760973847282038, 0), (-0.10861036300659123, 0.12228852272033691, 0.0000016307830810546875, 1) ), ( (0.7525335615239984, -0.19001998781742668, 0.6305475184060314, 0), (0.10217294114108125, 0.9795625546663049, 0.17325878578031373, 0), (-0.6505794537844337, -0.06595775957215455, 0.7565640444455499, 0), (-3.8146972940467095e-8, 0.13084529876708956, 2.2411346435546876e-7, 1) ), ( (0.9766503328649386, 0.1178367139014071, 0.17965729158550742, 0), (-0.13440001981430108, 0.987447385300587, 0.08295944418843793, 0), (-0.16762555532108878, -0.10516774816515995, 0.9802228158904881, 0), (6.67572024326546e-8, 0.11738630294799805, 1.1444091768453291e-7, 1) ), ( (0.8688845839156495, 0.3328189604799554, -0.3664299127530466, 0), (-0.30665861019062157, 0.9429908403426022, 0.1293406751354823, 0), (0.3885870804000342, -0.000013230921342866075, 0.9214120038132345, 0), (-1.71661376953125e-7, 0.09322837829589872, 0, 1) ), ( (1, 0, 2.7755575615628914e-17, 0), (-2.7755575615628914e-17, 1.0000000000000002, 5.551115123125783e-17, 0), (2.7755575615628914e-17, -5.551115123125783e-17, 1, 0), (1.4210854715202004e-16, 0.07619419574737549, 0, 1) ), ( (0.9985430082993461, -0.05392535279897587, 0.001979116469116138, 0), (0.05391338982898386, 0.9954277090213952, -0.07884734174516345, 0), (0.0022818034841365215, 0.07883916739951904, 0.9968847370968272, 0), (2.479553225498421e-7, 0.2574085426330569, -0.0009327602386477452, 1) ), ( (0.9974935653695622, -0.068505566433331, -0.017708032470252988, 0), (0.07071356234805387, 0.9563591549661861, 0.28350963385210404, 0), (-0.0024867505691969494, -0.28405140285354896, 0.9588069473970766, 0), (1.9073486299703292e-7, 0.1849361610412599, -5.7220458984375e-8, 1) ), ( (0.9999103613055181, -0.008361296258119044, -0.010400287794668506, 0), (0.009036078510254342, 0.9977364033836756, 0.06662304788599971, 0), (0.00981970767111029, -0.066711169012514, 0.9977242455245103, 0), (-1.1444091768453291e-7, 0.1503321075439456, -5.684341886080802e-16, 1) ), ( (0.9998793042707487, -0.009514170110687503, 0.01228240441233841, 0), (0.009513600811813183, 0.9999548583912744, 0.00010487074633597215, 0), (-0.012282845526620512, 0.000011991801559141368, 0.9999245033264659, 0), (2.842170943040401e-16, 0.07619409561157227, 3.8146972940467095e-8, 1) ), ( (1, -5.551115123125783e-17, 5.551115123125783e-17, 0), (0, 1, 5.551115123125783e-17, 0), (-5.551115123125783e-17, 0, 1, 0), (0, 0.07619417667388945, 2.842170943040401e-16, 1) ), ( (0.09294355396648359, 0.014815749283022248, 0.9955602448926527, 0), (-0.9465070436851212, -0.30900223116436093, 0.09296255907567902, 0), (0.30900790475464557, -0.9509458483611928, -0.01469656675790712, 0), (-0.16098979949951173, 0.3774925994873041, 0.00012274563312530517, 1) ), ( (0.9268283649897984, 0.09675727899818878, 0.36280464552042857, 0), (-0.3459575523993978, 0.5956308529551143, 0.7249401441638645, 0), (-0.1459542915873287, -0.797409477813045, 0.5855210273037245, 0), (2.3841857892392683e-8, 0.3369309234619138, 1.1920928386643937e-8, 1) ), ( (0.8437583723621563, -0.5318750129553464, -0.07197183614207775, 0), (0.5301391542265179, 0.8468204663854254, -0.04297926522087449, 0), (0.08380686105683749, -0.0018909743740908869, 0.9964801030814171, 0), (-1.907348627128158e-7, 0.7100298309326177, -6.67572018642204e-8, 1) ), ( (0.9054645046589612, -0.2248469926640371, 0.3599722301247743, 0), (0.1856898706379726, 0.972528846291123, 0.14038471693405274, 0), (-0.3816479586228251, -0.060270102302919765, 0.9223409495867791, 0), (2.0861625813495265e-8, 0.565491218566894, -1.9229948605925528e-7, 1) ), ( (0.6889061951664742, -0.4092746300134708, 0.5982403900306466, 0), (0.28953442555368547, 0.9120137738307927, 0.29052207652676754, 0), (-0.6645124154717298, -0.026931498625029637, 0.7467973545302727, 0), (0.1055552864074706, 0.129435577392577, 1.1920928955078125e-7, 1) ), ( (0.9726835264073838, 0.15346086054115962, -0.17418203915059208, 0), (-0.1753605960613522, 0.9773918764031315, -0.1181463061946455, 0), (0.1521127866645591, 0.14546316375469603, 0.9776008184411812, 0), (-4.917383229496864e-9, 0.13361318588256807, -1.1444091811085855e-7, 1) ), ( (0.8800576034827008, -0.20500079252662146, -0.42833740437639334, 0), (0.22444392357351872, 0.9744729221935009, -0.005239187206408202, 0), (0.41847696528184375, -0.09152688110471613, 0.903602894326033, 0), (7.748603916279962e-9, 0.11684776306152315, -3.814697322468419e-8, 1) ), ( (0.9130472470997251, -0.26336512226051717, 0.3114217990769376, 0), (0.2492646821792218, 0.964696228030671, 0.08501944390248029, 0), (-0.32281859113394507, -3.134345147315365e-7, 0.9464608587882529, 0), (-4.7683715962421047e-8, 0.09367431640625029, 3.814697265625e-8, 1) ), ( (1.0000000000000002, 1.249000902703301e-16, 1.3877787807814457e-17, 0), (-3.469446951953614e-18, 1, 0, 0), (0, -5.551115123125783e-17, 1, 0), (-1.4210854715202004e-16, 0.07619403362274199, 2.842170943040401e-16, 1) ), ( (0.9993531431108146, -0.00717421655583228, -0.03526322308149843, 0), (0.013560145253769335, 0.9827672857900396, 0.18435037639991603, 0), (0.033332910922830805, -0.1847089612208451, 0.9822270445136212, 0), (1.4305114738988324e-7, 0.2913755798339838, -0.0003615379333493252, 1) ), ( (0.997886377890278, 0.06110347116604209, 0.02211656918424859, 0), (-0.06452648974093653, 0.8914564352568232, 0.4484883010301493, 0), (0.007688236794728798, -0.4489676313789921, 0.8935153452766162, 0), (-9.536743128535364e-9, 0.15205925941467258, 9.536742879845406e-9, 1) ), ( (0.9999473972651991, 0.00989662615595066, 0.0026271401650478365, 0), (-0.010229119947096632, 0.9540136745580944, 0.2995900991952411, 0), (0.0004586031046298622, -0.29960090968908026, 0.954063757872452, 0), (2.145767225680828e-8, 0.14928710937499942, -1.4305114719448397e-8, 1) ), ( (0.9999543044063349, 0.00619738031844852, -0.007278844443425525, 0), (-0.006197107522827372, 0.9999807959428759, 0.00006003168306625839, 0), (0.00727907669925193, -0.00001492115822504525, 0.9999735070589448, 0), (-1.9073486301479647e-8, 0.08051032066345243, -9.536742737736858e-9, 1) ), ( (1, 8.326672684688674e-17, 0, 0), (0, 1.0000000000000002, -2.7755575615628914e-17, 0), (-1.1102230246251565e-16, -8.326672684688674e-17, 1.0000000000000002, 0), (2.6645352591003756e-17, 0.0761939859390256, -1.4210854715202004e-16, 1) ), ( (-0.997161455517953, -0.07409789104936651, 0.013141268001801792, 0), (0.07347611182283194, -0.9209048074824822, 0.3827973463968978, 0), (-0.01626222854745754, 0.3826671362001636, 0.9237130143240502, 0), (0.25496738433837896, -0.1564348125457775, 0.037489075660705556, 1) ), ( (0.9938369255339052, 0.06841907834947068, -0.08720783809142445, 0), (-0.10461787380345931, 0.318954033508776, -0.9420089621082544, 0), (-0.036634027567454874, 0.9452734876444949, 0.32412787776746876, 0), (1.1920928990605262e-8, 1.2699723815917972, 2.384185791015625e-8, 1) ), ( (0.9990306156064312, -0.020257222446432382, -0.039073760558475334, 0), (0.04391097080878644, 0.3984283217495249, 0.9161481399459106, 0), (-0.002990520434280719, -0.9169747685319125, 0.3989311540706721, 0), (-4.291534430933553e-8, 1.2250347137451172, -3.8146972372032906e-8, 1) ), ( (0.9988819435664505, -0.0009397740144834951, 0.047263732739025455, 0), (-0.02240802687837476, 0.8709319953227759, 0.4908933626858796, 0), (-0.04162480355765029, -0.4914033395878194, 0.8699367190503922, 0), (-5.960464477539063e-10, 0.41624900817871097, 1.9073486363652136e-8, 1) ), ( (0.9999999999986683, 0.0000013737007757141928, 8.810311746820787e-7, 0), (-0.0000013737008532493933, 0.9999999999990525, 8.800937234543227e-8, 0), (-8.810311588197672e-7, -8.8010593091159e-8, 1.0000001192088974, 0), (-4.470348358154297e-9, 0.16227249145507813, -1.4305114728330181e-8, 1) ), ( (0.9999999999999999, 1.3877787807814457e-17, 1.3877787807814457e-17, 0), (1.3877787807814457e-17, 1, 0, 0), (0, 0, 1, 0), (0, 0.07619421005249022, 3.552713678800501e-17, 1) ), ( (-0.9617793649267364, -0.19224166805137474, -0.19504468570660366, 0), (0.15011483382015095, -0.9657494916702788, 0.21164351908018544, 0), (-0.22907328989696973, 0.17429222122271154, 0.9577894176699812, 0), (-0.2549674606323241, -0.15643491744995175, 0.03529191732406616, 1) ), ( (0.9995495408647217, -0.005308119039742754, 0.0296073022975014, 0), (0.01718464289354797, 0.9086034679289261, -0.4172594457389257, 0), (-0.024687298478313857, 0.41759488886656965, 0.9083171769401758, 0), (-2.2053718580217208e-8, 1.2695090484619147, -1.370906822728557e-8, 1) ), ( (0.9951091672917614, -0.07756505020917169, -0.061055862495813684, 0), (0.07993182353422848, 0.2702222497187873, 0.9594670453505045, 0), (-0.05792400373946952, -0.9596803848222877, 0.2751078998722075, 0), (-1.254491508895228e-8, 1.2244097137451173, 2.4400651676970142e-9, 1) ), ( (0.9988886565271264, 0.0016692706605394361, -0.04712042367853134, 0), (0.02252785868486317, 0.8610257068672974, 0.5080622281736217, 0), (0.0414199894769125, -0.5085591187783284, 0.8600312064744468, 0), (3.958120886604633e-11, 0.4173994827270508, -5.8487057330580685e-9, 1) ), ( (0.9999999999988594, -5.412148612327083e-7, 0.0000014099059663496422, 0), (5.412148180519716e-7, 0.9999999999998531, 3.0617610662087014e-8, 0), (-0.0000014099059829175524, -3.061684760233274e-8, 0.9999999999990055, 0), (4.358589651420886e-9, 0.1647316169738769, -5.960464466436833e-10, 1) ), ( (0.9999999999999999, 6.938893903907228e-18, -3.2526065174565133e-18, 0), (0, 0.9999999999999998, 3.469446951953614e-18, 0), (2.168404344971009e-19, 3.469446951953614e-18, 0.9999999999999999, 0), (4.440892098500626e-18, 0.0761942100524903, 0, 1) )]
            rel skel:animationSource = </Animated_Woman_AssetRoot/Armature/Hips/Animation>

            def SkelAnimation "Animation"
            {
                uniform token[] joints = ["Hips", "Hips/Spine", "Hips/Spine/Spine1", "Hips/Spine/Spine1/Spine2", "Hips/Spine/Spine1/Spine2/Neck", "Hips/Spine/Spine1/Spine2/Neck/Head", "Hips/Spine/Spine1/Spine2/Neck/Head/HeadTop_End", "Hips/Spine/Spine1/Spine2/Neck/Head/HeadTop_End/HeadTop_End_end", "Hips/Spine/Spine1/Spine2/LeftShoulder", "Hips/Spine/Spine1/Spine2/LeftShoulder/LeftArm", "Hips/Spine/Spine1/Spine2/LeftShoulder/LeftArm/LeftForeArm", "Hips/Spine/Spine1/Spine2/LeftShoulder/LeftArm/LeftForeArm/LeftHand", "Hips/Spine/Spine1/Spine2/LeftShoulder/LeftArm/LeftForeArm/LeftHand/LeftHandThumb1", "Hips/Spine/Spine1/Spine2/LeftShoulder/LeftArm/LeftForeArm/LeftHand/LeftHandThumb1/LeftHandThumb2", "Hips/Spine/Spine1/Spine2/LeftShoulder/LeftArm/LeftForeArm/LeftHand/LeftHandThumb1/LeftHandThumb2/LeftHandThumb3", "Hips/Spine/Spine1/Spine2/LeftShoulder/LeftArm/LeftForeArm/LeftHand/LeftHandThumb1/LeftHandThumb2/LeftHandThumb3/LeftHandThumb4", "Hips/Spine/Spine1/Spine2/LeftShoulder/LeftArm/LeftForeArm/LeftHand/LeftHandThumb1/LeftHandThumb2/LeftHandThumb3/LeftHandThumb4/LeftHandThumb4_end", "Hips/Spine/Spine1/Spine2/LeftShoulder/LeftArm/LeftForeArm/LeftHand/LeftHandIndex1", "Hips/Spine/Spine1/Spine2/LeftShoulder/LeftArm/LeftForeArm/LeftHand/LeftHandIndex1/LeftHandIndex2", "Hips/Spine/Spine1/Spine2/LeftShoulder/LeftArm/LeftForeArm/LeftHand/LeftHandIndex1/LeftHandIndex2/LeftHandIndex3", "Hips/Spine/Spine1/Spine2/LeftShoulder/LeftArm/LeftForeArm/LeftHand/LeftHandIndex1/LeftHandIndex2/LeftHandIndex3/LeftHandIndex4", "Hips/Spine/Spine1/Spine2/LeftShoulder/LeftArm/LeftForeArm/LeftHand/LeftHandIndex1/LeftHandIndex2/LeftHandIndex3/LeftHandIndex4/LeftHandIndex4_end", "Hips/Spine/Spine1/Spine2/RightShoulder", "Hips/Spine/Spine1/Spine2/RightShoulder/RightArm", "Hips/Spine/Spine1/Spine2/RightShoulder/RightArm/RightForeArm", "Hips/Spine/Spine1/Spine2/RightShoulder/RightArm/RightForeArm/RightHand", "Hips/Spine/Spine1/Spine2/RightShoulder/RightArm/RightForeArm/RightHand/RightHandThumb1", "Hips/Spine/Spine1/Spine2/RightShoulder/RightArm/RightForeArm/RightHand/RightHandThumb1/RightHandThumb2", "Hips/Spine/Spine1/Spine2/RightShoulder/RightArm/RightForeArm/RightHand/RightHandThumb1/RightHandThumb2/RightHandThumb3", "Hips/Spine/Spine1/Spine2/RightShoulder/RightArm/RightForeArm/RightHand/RightHandThumb1/RightHandThumb2/RightHandThumb3/RightHandThumb4", "Hips/Spine/Spine1/Spine2/RightShoulder/RightArm/RightForeArm/RightHand/RightHandThumb1/RightHandThumb2/RightHandThumb3/RightHandThumb4/RightHandThumb4_end", "Hips/Spine/Spine1/Spine2/RightShoulder/RightArm/RightForeArm/RightHand/RightHandIndex1", "Hips/Spine/Spine1/Spine2/RightShoulder/RightArm/RightForeArm/RightHand/RightHandIndex1/RightHandIndex2", "Hips/Spine/Spine1/Spine2/RightShoulder/RightArm/RightForeArm/RightHand/RightHandIndex1/RightHandIndex2/RightHandIndex3", "Hips/Spine/Spine1/Spine2/RightShoulder/RightArm/RightForeArm/RightHand/RightHandIndex1/RightHandIndex2/RightHandIndex3/RightHandIndex4", "Hips/Spine/Spine1/Spine2/RightShoulder/RightArm/RightForeArm/RightHand/RightHandIndex1/RightHandIndex2/RightHandIndex3/RightHandIndex4/RightHandIndex4_end", "Hips/LeftUpLeg", "Hips/LeftUpLeg/LeftLeg", "Hips/LeftUpLeg/LeftLeg/LeftFoot", "Hips/LeftUpLeg/LeftLeg/LeftFoot/LeftToeBase", "Hips/LeftUpLeg/LeftLeg/LeftFoot/LeftToeBase/LeftToe_End", "Hips/LeftUpLeg/LeftLeg/LeftFoot/LeftToeBase/LeftToe_End/LeftToe_End_end", "Hips/RightUpLeg", "Hips/RightUpLeg/RightLeg", "Hips/RightUpLeg/RightLeg/RightFoot", "Hips/RightUpLeg/RightLeg/RightFoot/RightToeBase", "Hips/RightUpLeg/RightLeg/RightFoot/RightToeBase/RightToe_End", "Hips/RightUpLeg/RightLeg/RightFoot/RightToeBase/RightToe_End/RightToe_End_end"]
                quatf[] rotations = [(0.7079855, 0.69938415, 0.09261998, 0.032247007), (0.9989825, 0.030779159, -0.0075751957, 0.032082386), (0.9996728, 0.014301702, -0.019868953, 0.0074191894), (0.99947226, -0.025549076, -0.019829974, 0.0030313288), (0.99874663, 0.04827588, -0.011026206, -0.007284446), (0.9993641, -0.011860178, -0.03246202, 0.00877173), (0.996322, -0.08568828, -3.6557907e-8, -1.08271585e-7), (1, -3.469447e-18, 0, -3.2526065e-19), (0.4873519, 0.6664521, 0.3959812, -0.40190616), (0.88447636, 0.46576288, -0.005744253, -0.027083443), (0.95031995, -0.012994102, -0.04528904, 0.3076883), (0.975103, -0.008664253, 0.07331269, 0.20910352), (0.838814, 0.087208144, 0.5043262, 0.1855823), (0.93389785, 0.064037174, -0.3429518, -0.07821853), (0.9930156, 0.04736268, -0.08743128, 0.063502625), (0.96608585, 0.033473704, 0.19538042, 0.16548157), (1, 2.6020852e-17, 0, 6.938894e-18), (0.9988563, -0.03946677, 0.0000757584, -0.026990555), (0.989022, 0.1434651, 0.0038475597, -0.0351911), (0.99942136, 0.033352863, 0.0050579268, -0.004351865), (0.99996984, 0.000023220433, -0.0061414978, -0.004757086), (1, 0, -2.7755576e-17, -1.3877788e-17), (0.438533, 0.59511393, -0.39139196, 0.5480333), (0.88147324, 0.43176284, -0.14429224, 0.12556101), (0.96008587, -0.01069912, 0.04056375, -0.27654153), (0.9747221, 0.051464602, -0.19021311, -0.10529579), (0.9148384, 0.08675115, -0.34507552, -0.1909657), (0.99091774, -0.066506304, 0.082321286, 0.08295865), (0.9692954, 0.022255283, 0.21840988, -0.1107621), (0.9777787, 0.021737987, -0.16216359, -0.13107), (1, 1.3877788e-17, -3.469447e-18, 3.2092384e-17), (0.9955334, 0.092678815, 0.017225973, -0.005206845), (0.9724785, 0.23071352, -0.0037091656, 0.032296333), (0.9884363, 0.15155025, -0.0005484767, 0.0050902986), (0.99998856, 0.000018738425, 0.0036395218, 0.0030986574), (1, 1.3877788e-17, -3.469447e-17, 1.3877788e-17), (-0.037645478, -0.00079624745, 0.19526905, 0.9800266), (0.81192976, -0.5811101, 0.015571803, 0.053278625), (0.8361206, 0.5481038, 0.01078889, -0.019186283), (0.9669217, 0.25397518, -0.022982353, 0.005550667), (1, 4.4004988e-8, -4.4051555e-7, 6.868504e-7), (1, 2.4074124e-35, -3.469447e-18, 5.77779e-34), (-0.08684388, -0.107577816, 0.09789423, 0.98554647), (0.97678936, -0.21367328, -0.013896063, -0.0057568927), (0.7969386, 0.6020356, 0.0009828318, -0.04940718), (0.9643578, 0.26354867, 0.022953186, -0.005407378), (1, 1.5308615e-8, -7.04953e-7, -2.7060742e-7), (1, 7.70372e-34, 8.6736174e-19, 1.7347235e-18)]
                quatf[] rotations.timeSamples = {
                    0: [(0.7079855, 0.69938415, 0.09261998, 0.032247007), (0.9989825, 0.030779159, -0.0075751957, 0.032082386), (0.9996728, 0.014301702, -0.019868953, 0.0074191894), (0.99947226, -0.025549076, -0.019829974, 0.0030313288), (0.99874663, 0.04827588, -0.011026206, -0.007284446), (0.9993641, -0.011860178, -0.03246202, 0.00877173), (0.996322, -0.08568828, -3.6557907e-8, -1.08271585e-7), (1, -3.469447e-18, 0, -3.2526065e-19), (0.4873519, 0.6664521, 0.3959812, -0.40190616), (0.88447636, 0.46576288, -0.005744253, -0.027083443), (0.95031995, -0.012994102, -0.04528904, 0.3076883), (0.975103, -0.008664253, 0.07331269, 0.20910352), (0.838814, 0.087208144, 0.5043262, 0.1855823), (0.93389785, 0.064037174, -0.3429518, -0.07821853), (0.9930156, 0.04736268, -0.08743128, 0.063502625), (0.96608585, 0.033473704, 0.19538042, 0.16548157), (1, 2.6020852e-17, 0, 6.938894e-18), (0.9988563, -0.03946677, 0.0000757584, -0.026990555), (0.989022, 0.1434651, 0.0038475597, -0.0351911), (0.99942136, 0.033352863, 0.0050579268, -0.004351865), (0.99996984, 0.000023220433, -0.0061414978, -0.004757086), (1, 0, -2.7755576e-17, -1.3877788e-17), (0.438533, 0.59511393, -0.39139196, 0.5480333), (0.88147324, 0.43176284, -0.14429224, 0.12556101), (0.96008587, -0.01069912, 0.04056375, -0.27654153), (0.9747221, 0.051464602, -0.19021311, -0.10529579), (0.9148384, 0.08675115, -0.34507552, -0.1909657), (0.99091774, -0.066506304, 0.082321286, 0.08295865), (0.9692954, 0.022255283, 0.21840988, -0.1107621), (0.9777787, 0.021737987, -0.16216359, -0.13107), (1, 1.3877788e-17, -3.469447e-18, 3.2092384e-17), (0.9955334, 0.092678815, 0.017225973, -0.005206845), (0.9724785, 0.23071352, -0.0037091656, 0.032296333), (0.9884363, 0.15155025, -0.0005484767, 0.0050902986), (0.99998856, 0.000018738425, 0.0036395218, 0.0030986574), (1, 1.3877788e-17, -3.469447e-17, 1.3877788e-17), (-0.037645478, -0.00079624745, 0.19526905, 0.9800266), (0.81192976, -0.5811101, 0.015571803, 0.053278625), (0.8361206, 0.5481038, 0.01078889, -0.019186283), (0.9669217, 0.25397518, -0.022982353, 0.005550667), (1, 4.4004988e-8, -4.4051555e-7, 6.868504e-7), (1, 2.4074124e-35, -3.469447e-18, 5.77779e-34), (-0.08684388, -0.107577816, 0.09789423, 0.98554647), (0.97678936, -0.21367328, -0.013896063, -0.0057568927), (0.7969386, 0.6020356, 0.0009828318, -0.04940718), (0.9643578, 0.26354867, 0.022953186, -0.005407378), (1, 1.5308615e-8, -7.04953e-7, -2.7060742e-7), (1, 7.70372e-34, 8.6736174e-19, 1.7347235e-18)],
