#usda 1.0
(
    defaultPrim = "Animated_Woman_AssetRoot"
    endTimeCode = 143
    framesPerSecond = 24
    metersPerUnit = 1
    startTimeCode = 0
    timeCodesPerSecond = 24
    upAxis = "Y"
)

def SkelRoot "Animated_Woman_AssetRoot" (
    kind = "assembly"
)
{
    def Xform "Armature"
    {
        float3 xformOp:rotateXYZ.timeSamples = {
            0: (-90.00001, 0, 0),
        }
        float3 xformOp:scale.timeSamples = {
            0: (1, 1, 1),
        }
        double3 xformOp:translate.timeSamples = {
            0: (0, 0, 0),
        }
        uniform token[] xformOpOrder = ["xformOp:translate", "xformOp:rotateXYZ", "xformOp:scale"]

        def Xform "ArmatureShape"
        {
        }

        def Skeleton "Hips" (
            prepend apiSchemas = ["SkelBindingAPI"]
            customData = {
                dictionary Maya = {
                    bool generated = 1
                }
            }
        )
        {
            uniform matrix4d[] bindTransforms = [( (4.371139999999929e-8, 5.210792282599915e-15, -0.9999999999999981, 0), (-1.1920899999767753e-7, 0.9999999999999858, -5.2108924813998314e-15, 0), (0.9999999999999838, 1.1920899999999807e-7, 4.371139999999929e-8, 0), (-0.09145275858700018, 2.841609179098008, -0.003623503997528112, 1) ), ( (7.870031215563148e-10, -1.289748271219305e-11, -0.9999999999999999, 0), (0.016385891550208483, 0.9998654843945565, 1.289921923615378e-11, 0), (0.9998654843945564, -0.016385891550208486, 7.871091073027598e-10, 0), (-0.08683586220028268, 3.1232806133566173, -0.0036233500683584947, 1) ), ( (1.0727737524013887e-7, 4.3853777530901e-15, -0.9999999999999885, 0), (0.01638579160395886, 0.9998654876712837, 1.7578349513838742e-9, 0), (0.9998654876712723, -0.01638579160395905, 1.0726356978640243e-7, 0), (-0.08145034546601969, 3.4518997236400737, -0.0036233487378301617, 1) ), ( (1.0172063050327367e-7, -3.73573809819308e-15, -0.9999999999999897, 1.5407439555097887e-33), (0.016385691657708465, 0.9998654909479913, 1.6667525554181495e-9, -4.336808689942018e-19), (0.9998654909479808, -0.016385691657708635, 1.0170631773922869e-7, 6.776263578034403e-21), (-0.07529552039663534, 3.8274635099249323, -0.003623357659060335, 1) ), ( (6.379594306099813e-8, -2.1251003257716453e-15, -0.9999999999999959, 0), (0.17074602633911057, 0.98531515199373, 1.0892913496337794e-8, 0), (0.985315151993726, -0.17074602633911123, 6.285916543657673e-8, 0), (-0.06837406161601879, 4.249975995051486, -0.0036232043619916342, 1) ), ( (2.4277819678210753e-7, -6.07700093719609e-15, -0.999999999999941, 0), (0.17074602633910116, 0.9853151519937299, 4.145337878264533e-8, 0), (0.9853151519936718, -0.17074602633911126, 2.3921284197074176e-7, 0), (-0.02062328031281406, 4.525522774717207, -0.0036231950068787476, 1) ), ( (4.371529999999954e-8, 4.071306434189957e-15, -0.9999999999999981, 0), (-9.313230000043693e-8, 0.9999999999999913, -4.071287577900318e-15, 0), (0.9999999999999895, 9.313229999999901e-8, 4.371529999999954e-8, 0), (0.10750318982693996, 5.26489137001202, -0.0036230453004658055, 1) ), ( (1, 0, 0, 0), (0, 1, 0, 0), (0, 0, 1, 0), (0, 0, 0, 1) ), ( (-0.9998299802052852, 0.01643872073239509, -0.008292153415478405, -6.776263578034403e-21), (0.0036574885821727843, -0.2640656884469849, -0.9644974408689484, 1.0842021724855044e-19), (-0.018044748073126525, -0.9643641139154313, 0.26396091624867, 4.336808689942018e-19), (-0.06775743786056372, 4.20490453522793, -0.16461078454628728, 1) ), ( (-0.994165588224983, 0.0453813367369479, 0.09784632910499666, -1.3552527156068805e-20), (-0.09940398275564144, -0.033435073470376955, -0.9944855291665222, 1.3552527156068805e-20), (-0.04185960088705051, -0.9984100984365301, 0.03775115084572574, 4.336808689942018e-19), (-0.06652495741112159, 4.115935284315726, -0.48958257888065626, 1) ), ( (-0.9991227340658465, 0.04184918034898866, -0.001068991874865241, 0), (-0.0037672753754908945, -0.11531442184197949, -0.9933217275228402, 0), (-0.04169297077077536, -0.9924471157926131, 0.11537155994680501, 0), (-0.13714771346125781, 4.092179350658742, -1.1961270128032677, 1) ), ( (-0.9900302104929796, -0.08418249431141701, 0.11293246785689744, 0), (-0.10515850681456879, -0.0916758156049573, -0.9902205310839566, 0), (0.093712442710654, -0.9922233633328925, 0.08190935386534576, 0), (-0.13927754567116846, 4.026967487877791, -1.757841314205061, 1) ), ( (-0.8056581227502346, 0.145701914510574, -0.574182843785469, 0), (0.5788106451775722, -0.012657829963081508, -0.8153632168032727, 0), (-0.1260678347829405, -0.9892471067957073, -0.07413615923633027, 0), (-0.044607559604833175, 4.024896021309577, -1.891197305818949, 1) ), ( (-0.9408146681320319, -0.14293092167875573, -0.30730794003051115, 0), (0.331542753056603, -0.1999618455271227, -0.9220054429885026, 0), (0.07033324221552166, -0.9693218564691415, 0.235514770171928, 0), (0.031126287957843193, 4.023239791056457, -1.997886209212089, 1) ), ( (-0.8975573481677409, -0.4371265281882352, 0.0575477861846391, 0), (0.023862672270230558, -0.17849567538758174, -0.9836517132648117, 0), (0.44025171091456383, -0.8815101855462594, 0.170640468032644, 0), (0.0700451314428797, 3.9997706742531465, -2.106115893291177, 1) ), ( (-0.9332536788913767, -0.11620714415384159, -0.33990321007140445, 5.421010862427522e-20), (0.3546880061448889, -0.14828619401933874, -0.9231508755448783, 5.421010862427522e-20), (0.05687372551276064, -0.9820924981040134, 0.17960549913126006, 4.336808689942018e-19), (0.07226969431963448, 3.983125747828395, -2.1978194155708426, 1) ), ( (1, 0, 0, 0), (0, 1, 0, 0), (0, 0, 1, 0), (0, 0, 0, 1) ), ( (-0.9897661977468091, -0.0901628285897007, 0.110601659153835, 0), (-0.0705369105626589, -0.36463222960010855, -0.928475942762463, 0), (0.12404289611530789, -0.9267759859720394, 0.3545418043666235, 0), (-0.1664369758259147, 4.0042975472944065, -2.0128119583244546, 1) ), ( (-0.9913591123613396, -0.08359474842863351, 0.10108989266996776, 0), (-0.06929965379678986, -0.3205668989275561, -0.9446869226169905, 0), (0.11137658915470952, -0.9435299210760894, 0.3120037666080991, 0), (-0.17948069837559558, 3.9368634109936216, -2.1845180000327225, 1) ), ( (-0.9929760996690974, -0.07565505949234698, 0.09096634503602366, 0), (-0.0691018213843412, -0.25325056058181566, -0.9649290436002176, 0), (0.09603905299031285, -0.9644376919575969, 0.24624411977451977, 0), (-0.18989841129986695, 3.888673046389634, -2.3265345834757545, 1) ), ( (-0.9910193247500303, -0.08508240472485638, 0.10316051421820142, 0), (-0.0785349733326177, -0.25406041948895125, -0.9639939835990342, 0), (0.10822748513215706, -0.9634384476914651, 0.24509717023749428, 0), (-0.19516253632484354, 3.869375646099758, -2.4000582867841262, 1) ), ( (1, 0, 0, 0), (0, 1, 0, 0), (0, 0, 1, 0), (0, 0, 0, 1) ), ( (0.999865096784571, -0.01641302164977419, -0.0007057494665271447, 0), (-0.003653861433573195, -0.26406250635560313, 0.96449816085817, 0), (-0.016016674397263616, -0.9643656821786362, -0.2640871768443691, 0), (-0.06898783770362718, 4.204904321866043, 0.1573670655483965, 1) ), ( (0.9949116801754571, -0.04162474852429729, 0.09174863290449689, 0), (-0.09316462597681685, -0.03345569195230199, 0.9950889482070646, 0), (-0.03835083857432033, -0.9985730583286123, -0.037163448059835597, 0), (-0.07021875082992483, 4.115934984107241, 0.48233693323025406, 1) ), ( (0.9992635333076276, -0.0383118799605319, -0.0022634101617272865, 0), (-0.0021717316890216254, -0.11532770279924379, 0.993325216094136, 0), (-0.03831719179791134, -0.9925877536197854, -0.11532617727773475, 0), (-0.13636866134978126, 4.092176915794396, 1.188879373248255, 1) ), ( (0.9969694162431892, 0.00962846624327651, 0.07719254571707003, 0), (-0.07698850969335014, -0.020017927434864653, 0.9968310087167056, 0), (0.011143227214928064, -0.999752512463167, -0.019216041080234447, 0), (-0.13759683777298765, 4.026960213952676, 1.7505963352042813, 1) ), ( (0.8005274652446241, -0.21736862162702278, -0.5584851713171094, 0), (0.5704192336261058, -0.009420417510761487, 0.8212995043566641, 0), (-0.1837864716402876, -0.976044165877208, 0.11644970101901692, 0), (-0.04232183904207285, 4.025389859460287, 1.8877683853745744, 1) ), ( (0.952396246726136, 0.074044589631426, -0.2957332363645728, 0), (0.30465626373442256, -0.1955851490348498, 0.9321641718853219, 0), (0.011180737004867988, -0.9778869195746905, -0.20883245236487946, 0), (0.03389090537097103, 4.024127478476142, 1.9975063441774281, 1) ), ( (0.959208746625996, 0.2799792668377055, -0.03911549661057678, 0), (0.09934947718713799, -0.20431636593787153, 0.9738497742398315, 0), (0.26466571631347197, -0.9380120747144854, -0.22379735877485368, 0), (0.06949024140552593, 4.001276483931525, 2.1064254237582904, 1) ), ( (0.9320601299172581, 0.017326617443997817, -0.36188790973833196, 0), (0.3574403341100013, -0.20706342608512363, 0.9106919546724275, 0), (-0.059154702839299494, -0.9781740338337606, -0.19918931188026234, 0), (0.07879644358752005, 3.9821363607656384, 2.1976534614993297, 1) ), ( (1, 0, 0, 0), (0, 1, 0, 0), (0, 0, 1, 0), (0, 0, 0, 1) ), ( (0.9976705448877835, 0.014887316071220121, 0.06656869089893647, 0), (-0.0489891021541973, -0.5227105037025104, 0.8511007351349367, 0), (0.047466814424353666, -0.8523802036164748, -0.5207638474519565, 0), (-0.16003358017959213, 4.021494734453966, 2.0410575736849292, 1) ), ( (0.9984168473254544, 0.008362719413444665, 0.055612126684655594, 0), (-0.05035173048828722, -0.3074954091125795, 0.9502156785411311, 0), (0.02504692651846667, -0.9515124399394603, -0.30658798084748184, 0), (-0.1674827461105085, 3.942010473927311, 2.1704735812505405, 1) ), ( (0.9987118504211296, 0.003809723742945477, 0.050596219903370834, 0), (-0.049347116909366155, -0.15906897949819973, 0.9860338542293844, 0), (0.011804802230863554, -0.9872602379509582, -0.15867619647055864, 0), (-0.17499980505602536, 3.896107037219465, 2.3123317246211665, 1) ), ( (0.998274080321598, 0.010009828758269525, 0.05785972072188714, 0), (-0.05553458635947105, -0.15914854249503538, 0.98569184214, 0), (0.019074879937405635, -0.9872037311706124, -0.15831855092995678, 0), (-0.17897265836812182, 3.8832994850714453, 2.391718058454653, 1) ), ( (1, 0, 0, 0), (0, 1, 0, 0), (0, 0, 1, 0), (0, 0, 0, 1) ), ( (0.0006958672270452847, -0.014239201776955032, 0.999895749179483, 0), (0.05102099115866621, -0.998595646797626, -0.014256218387204325, 0), (0.9986686776716241, 0.051024262052696535, 0.00003160833247184587, 0), (-0.05396454959963791, 2.6851746239584084, -0.25858953097554116, 1) ), ( (-0.0002580176732703515, 0.004570839985388856, 0.9999870406532075, 0), (-0.07539969961519075, -0.997142118687069, 0.004538378776557189, 0), (0.9971257085278324, -0.07539567737152943, 0.0006019052793013058, 0), (0.012205219602781368, 1.41705612603454, -0.27669396953744585, 1) ), ( (-0.041860434790029655, 0.00785381176035449, 0.9990911912002379, 0), (0.8736088100637329, -0.48490511262710795, 0.04041476705420916, 0), (0.4847879178610811, 0.8745179784398114, 0.013437371838691481, 0), (-0.08427590951975797, 0.19584043434946544, -0.2711340050251024, 1) ), ( (-0.018353545373730722, 0.05015269068965911, 0.9985708050505818, 0), (0.9995762498427146, -0.02038033285341683, 0.019395694276646447, 0), (0.021324608738353897, 0.9985331649849265, -0.04975885486695682, 0), (0.279342367625524, -0.006038417899749642, -0.2543165408889939, 1) ), ( (-0.01835223340462806, 0.05015355917451621, 0.9985707710949278, 0), (0.9995763049704077, -0.02038028553482775, 0.019394307837004354, 0), (0.021324458566888613, 0.9985330841890506, -0.04975968343242648, 0), (0.44154529994423286, -0.009388392350454465, -0.2511693418906006, 1) ), ( (1, 0, 0, 0), (0, 1, 0, 0), (0, 0, 1, 0), (0, 0, 0, 1) ), ( (-0.0007226301821102851, 0.01424013264806447, 0.9999086895234769, 0), (0.04927197371301474, -0.9986832386050065, 0.014258351150568865, 0), (0.9988902843016361, 0.04928246354636082, 0.000020039992396520337, 0), (-0.05615967236407946, 2.685174073128851, 0.25134366827293436, 1) ), ( (0.00014210725523725254, -0.00457261956124767, 1.0000000714130939, 0), (-0.08672875797143195, -0.9962232384359603, -0.004543021582243678, 0), (0.9963349459689871, -0.08673595259734351, -0.0005381963612559708, 0), (0.0003958655771185162, 1.4170545442348876, 0.2694467223716928, 1) ), ( (0.041789039525182925, -0.00757684086930599, 0.9991054812869257, 0), (0.8742135703422413, -0.4840299568964909, -0.040235960541999724, 0), (0.4838752523240032, 0.8750667129232599, -0.013602615509189814, 0), (-0.08783973841892849, 0.19583900773559595, 0.2638860857897046, 1) ), ( (0.017991006384644917, -0.050547244019885355, 0.9985692802965642, 0), (0.9996925278659516, -0.02148764829708175, -0.019098882889133306, 0), (0.02241972713939769, 0.9984911241399177, 0.050139389680075586, 0), (0.2771408151112562, -0.006040934016414358, 0.24706843281616903, 1) ), ( (0.01799053497808027, -0.05054584132662864, 0.9985694396689405, -5.421010862427522e-20), (0.9996925441985887, -0.021487701939905762, -0.01909835520020975, -3.469446951953614e-18), (0.022419778522509662, 0.9984912627131111, 0.05013800707737231, -1.0842021724855044e-19), (0.4418258026966694, -0.009390747253740317, 0.2439211709439097, 1) ), ( (1, 0, 0, 0), (0, 1, 0, 0), (0, 0, 1, 0), (0, 0, 0, 1) )]
            uniform token[] joints = ["Hips", "Hips/Spine", "Hips/Spine/Spine1", "Hips/Spine/Spine1/Spine2", "Hips/Spine/Spine1/Spine2/Neck", "Hips/Spine/Spine1/Spine2/Neck/Head", "Hips/Spine/Spine1/Spine2/Neck/Head/HeadTop_End", "Hips/Spine/Spine1/Spine2/Neck/Head/HeadTop_End/HeadTop_End_end", "Hips/Spine/Spine1/Spine2/LeftShoulder", "Hips/Spine/Spine1/Spine2/LeftShoulder/LeftArm", "Hips/Spine/Spine1/Spine2/LeftShoulder/LeftArm/LeftForeArm", "Hips/Spine/Spine1/Spine2/LeftShoulder/LeftArm/LeftForeArm/LeftHand", "Hips/Spine/Spine1/Spine2/LeftShoulder/LeftArm/LeftForeArm/LeftHand/LeftHandThumb1", "Hips/Spine/Spine1/Spine2/LeftShoulder/LeftArm/LeftForeArm/LeftHand/LeftHandThumb1/LeftHandThumb2", "Hips/Spine/Spine1/Spine2/LeftShoulder/LeftArm/LeftForeArm/LeftHand/LeftHandThumb1/LeftHandThumb2/LeftHandThumb3", "Hips/Spine/Spine1/Spine2/LeftShoulder/LeftArm/LeftForeArm/LeftHand/LeftHandThumb1/LeftHandThumb2/LeftHandThumb3/LeftHandThumb4", "Hips/Spine/Spine1/Spine2/LeftShoulder/LeftArm/LeftForeArm/LeftHand/LeftHandThumb1/LeftHandThumb2/LeftHandThumb3/LeftHandThumb4/LeftHandThumb4_end", "Hips/Spine/Spine1/Spine2/LeftShoulder/LeftArm/LeftForeArm/LeftHand/LeftHandIndex1", "Hips/Spine/Spine1/Spine2/LeftShoulder/LeftArm/LeftForeArm/LeftHand/LeftHandIndex1/LeftHandIndex2", "Hips/Spine/Spine1/Spine2/LeftShoulder/LeftArm/LeftForeArm/LeftHand/LeftHandIndex1/LeftHandIndex2/LeftHandIndex3", "Hips/Spine/Spine1/Spine2/LeftShoulder/LeftArm/LeftForeArm/LeftHand/LeftHandIndex1/LeftHandIndex2/LeftHandIndex3/LeftHandIndex4", "Hips/Spine/Spine1/Spine2/LeftShoulder/LeftArm/LeftForeArm/LeftHand/LeftHandIndex1/LeftHandIndex2/LeftHandIndex3/LeftHandIndex4/LeftHandIndex4_end", "Hips/Spine/Spine1/Spine2/RightShoulder", "Hips/Spine/Spine1/Spine2/RightShoulder/RightArm", "Hips/Spine/Spine1/Spine2/RightShoulder/RightArm/RightForeArm", "Hips/Spine/Spine1/Spine2/RightShoulder/RightArm/RightForeArm/RightHand", "Hips/Spine/Spine1/Spine2/RightShoulder/RightArm/RightForeArm/RightHand/RightHandThumb1", "Hips/Spine/Spine1/Spine2/RightShoulder/RightArm/RightForeArm/RightHand/RightHandThumb1/RightHandThumb2", "Hips/Spine/Spine1/Spine2/RightShoulder/RightArm/RightForeArm/RightHand/RightHandThumb1/RightHandThumb2/RightHandThumb3", "Hips/Spine/Spine1/Spine2/RightShoulder/RightArm/RightForeArm/RightHand/RightHandThumb1/RightHandThumb2/RightHandThumb3/RightHandThumb4", "Hips/Spine/Spine1/Spine2/RightShoulder/RightArm/RightForeArm/RightHand/RightHandThumb1/RightHandThumb2/RightHandThumb3/RightHandThumb4/RightHandThumb4_end", "Hips/Spine/Spine1/Spine2/RightShoulder/RightArm/RightForeArm/RightHand/RightHandIndex1", "Hips/Spine/Spine1/Spine2/RightShoulder/RightArm/RightForeArm/RightHand/RightHandIndex1/RightHandIndex2", "Hips/Spine/Spine1/Spine2/RightShoulder/RightArm/RightForeArm/RightHand/RightHandIndex1/RightHandIndex2/RightHandIndex3", "Hips/Spine/Spine1/Spine2/RightShoulder/RightArm/RightForeArm/RightHand/RightHandIndex1/RightHandIndex2/RightHandIndex3/RightHandIndex4", "Hips/Spine/Spine1/Spine2/RightShoulder/RightArm/RightForeArm/RightHand/RightHandIndex1/RightHandIndex2/RightHandIndex3/RightHandIndex4/RightHandIndex4_end", "Hips/LeftUpLeg", "Hips/LeftUpLeg/LeftLeg", "Hips/LeftUpLeg/LeftLeg/LeftFoot", "Hips/LeftUpLeg/LeftLeg/LeftFoot/LeftToeBase", "Hips/LeftUpLeg/LeftLeg/LeftFoot/LeftToeBase/LeftToe_End", "Hips/LeftUpLeg/LeftLeg/LeftFoot/LeftToeBase/LeftToe_End/LeftToe_End_end", "Hips/RightUpLeg", "Hips/RightUpLeg/RightLeg", "Hips/RightUpLeg/RightLeg/RightFoot", "Hips/RightUpLeg/RightLeg/RightFoot/RightToeBase", "Hips/RightUpLeg/RightLeg/RightFoot/RightToeBase/RightToe_End", "Hips/RightUpLeg/RightLeg/RightFoot/RightToeBase/RightToe_End/RightToe_End_end"]
            uniform matrix4d[] restTransforms = [( (0.9934488104339262, -0.1005673500602988, -0.054272920872016406, 0), (0.05524859631521719, 0.006940010867405234, 0.9984484511706513, 0), (-0.10003466024538404, -0.9949059287911819, 0.012450750466594815, 0), (0.010471553802490234, 0.03712826013565064, 2.8154217529296877, 1) ), ( (0.9997208938242645, 0.019873195765047542, -0.012774605328465263, 0), (-0.019386801809353968, 0.9991219733324042, 0.03713271163824383, 0), (0.013501343384160092, -0.0368747131043454, 0.99922904507233, 0), (-1.5765428546643533e-7, 0.2816732215881342, 0.004616042673587804, 1) ), ( (0.9992449292368625, 0.029285205195021737, -0.025516929404817326, 0), (-0.028204763797220707, 0.998731254286164, 0.041720635538323725, 0), (0.026706350690789485, -0.04096943209754871, 0.998803064277826, 0), (-2.3841857554884882e-9, 0.3286625289916987, -5.960464655174747e-10, 1) ), ( (0.9992449905083981, 0.029285273576629575, -0.02551678741151396, 0), (-0.028204781657195196, 0.9987309406376189, 0.041722417070473986, 0), (0.02670625430810193, -0.04097121594788419, 0.9988027549782004, 0), (1.2869713827967643e-9, 0.37561496734619143, -2.3781321942806244e-8, 1) ), ( (0.9995530864712079, 0.020547188234652496, -0.02174011211522939, 0), (-0.021024210547466553, 0.9995376354327399, -0.02194683256258388, 0), (0.021279096801212816, 0.022394074233555217, 0.999522082886012, 0), (-1.6078352928161622e-7, 0.4225659942626953, 7.890164866353188e-8, 1) ), ( (0.9984669890771923, -0.052394684803867816, -0.017865720900495336, 0), (0.05364132031681908, 0.9954762958576496, 0.0784418856357088, 0), (0.013674939338850622, -0.07927983246235046, 0.9967589575492589, 0), (-4.76837158203125e-9, 0.27965265274047796, 1.0114163160324096e-8, 1) ), ( (0.9999999999999739, -2.095777615010062e-7, 9.03791694171173e-8, 0), (2.219320224941487e-7, 0.9853150386780399, -0.17074622852304316, 0), (-5.326734245142059e-8, 0.1707462285230587, 0.9853150386780608, 0), (8.195638648289538e-10, 0.7503874206542963, 4.7220382555224205e-8, 1) ), ( (1, -7.792703114739563e-20, 4.336808689942018e-19, 0), (2.1006417091906648e-19, 1, 0, 0), (4.336808689942018e-19, -1.734723475976807e-18, 0.9999999999999999, 0), (2.498001805406602e-18, 0.07619445800781251, 0, 1) ), ( (0.006500579881480194, -0.042177791944721724, -0.9990894504509674, 0), (0.9179605047812496, -0.3960216430265416, 0.02269125556707831, 0), (-0.39661799455301383, -0.9172718892087788, 0.03614316608734683, 0), (0.1609895706176758, 0.3775137329101563, 0.0013543397188187356, 1) ), ( (0.8753995801022414, 0.3270270501656707, -0.3559933535952201, 0), (0.00677170366595161, 0.7280649405006573, 0.6854759334754102, 0), (0.4833534067652884, -0.6024734762004942, 0.6351305250926242, 0), (-3.099441531873026e-8, 0.3369327163696286, -2.649426465950455e-7, 1) ), ( (0.8931389162756046, 0.4466903797501839, 0.05262498247158759, 0), (-0.4454848949285828, 0.8946651577771322, -0.03341422116404036, 0), (-0.062007623305604276, 0.0063999141209600055, 0.9980552761094088, 0), (1.3351440415476647e-7, 0.7104618835449213, 4.76837158203125e-8, 1) ), ( (0.7864445914392421, -0.03255252939905279, 0.6168035894331952, 0), (0.1545917101748761, 0.9772012052626355, -0.14553651263243014, 0), (-0.5980020967172162, 0.20980858720916187, 0.7735449712190067, 0), (-1.3351440415476647e-7, 0.565491256713868, -7.629394559671709e-8, 1) ), ( (0.6826208864462866, 0.43982084820994904, -0.5836032763608875, 0), (-0.20416947494986398, 0.8815875833554685, 0.42558063117114114, 0), (0.7016707810027466, -0.17135482328770407, 0.6915823182402863, 0), (-0.1086108970642087, 0.12228812217712431, 0.0000017261505126953126, 1) ), ( (0.9566830188020379, -0.17511657560343802, 0.23257077177086216, 0), (0.1508369792287702, 0.9814296394010047, 0.11850767317922242, 0), (-0.24900501120688467, -0.07829416452502924, 0.9653330817428631, 0), (-9.536743178273355e-8, 0.1308457851409915, 1.9073486043907906e-8, 1) ), ( (0.9304357350589147, -0.000014815113421440262, 0.36646616345033345, 0), (-0.0000033142109454598057, 0.9999994027553124, 0.0000488415211430393, 0), (-0.3664638046911381, -0.00004665817025331642, 0.9304297444237327, 0), (-3.814697251414146e-8, 0.11738660812377959, 1.1444091796875e-7, 1) ), ( (0.8688845953068499, 0.33281896484325935, -0.36642988177896746, 0), (-0.30665855614263804, 0.9429906701824722, 0.12934066137158345, 0), (0.38858703114664933, -0.000013249740292348156, 0.9214119598962189, 0), (-1.4210854715202004e-16, 0.09322870254516602, -9.536743021953953e-9, 1) ), ( (0.9999999999999999, 0, 0, 0), (5.551115123125783e-17, 1, -5.551115123125783e-17, 0), (0, 0, 0.9999999999999999, 0), (0, 0.07619419574737521, 2.842170943040401e-16, 1) ), ( (0.9664457612526041, -0.24353995999584171, 0.08167544577226807, 0), (0.23048009447478068, 0.9625324976603965, 0.14286564960042009, 0), (-0.11340876540517372, -0.11924733702706354, 0.986366565419998, 0), (1.525878909092171e-7, 0.2574090194702151, -0.0009322214126586914, 1) ), ( (0.9991998466020158, -0.03222068794877401, -0.0236580996716112, 0), (0.037575183428876155, 0.9590032752546086, 0.28089205543076273, 0), (0.013637689882193077, -0.28155687706976895, 0.9594487397238891, 0), (1.1444091782664145e-7, 0.1849363899230954, -1.430511477451546e-7, 1) ), ( (0.9999440198800368, -5.918346319550016e-7, -0.010580978489848791, 0), (6.188847716387391e-7, 0.999998867508298, 0.000002553276591349407, 0), (0.0105809772269502, -0.0000025596846587282174, 0.9999439006743357, 0), (3.814697251414146e-8, 0.1503321933746338, -6.675720229054605e-8, 1) ), ( (0.9998793039066989, -0.00951419091254177, 0.012282417935183226, 0), (0.00951361943137187, 0.9999546793879777, 0.0001049100364580377, 0), (-0.012282858690485177, 0.000011952874993472612, 0.9999244435560887, 0), (3.814697265625e-8, 0.07619427680969267, -2.384185791015625e-8, 1) ), ( (1.0000000000000002, 1.3877787807814457e-17, 0, 0), (0, 1.0000000000000002, 0, 0), (-2.7755575615628914e-17, 0, 1, 0), (0, 0.07619417667388888, 0, 1) ), ( (0.0001761701027783516, 0.027055692292390923, 0.9996334352174229, 0), (-0.9424524589720936, -0.33421468946236904, 0.009211818472487213, 0), (0.3343412308988042, -0.94210810655216, 0.025439811446983485, 0), (-0.16098989486694337, 0.37749294281005863, 0.00012276858091368582, 1) ), ( (0.9938404523804618, 0.07435882042854049, 0.08216427059608246, 0), (-0.1107114511610141, 0.6340236948259766, 0.7653480543105237, 0), (0.004816281526143927, -0.7697299692402836, 0.6383504261640762, 0), (-9.5367431640625e-9, 0.33693111419677735, -3.7699937252000385e-8, 1) ), ( (0.822246941313832, -0.26323856809005475, -0.5045927804178151, 0), (0.33515540643178954, 0.9405268012340998, 0.055485493417021525, 0), (0.45997809886037955, -0.21474023643506918, 0.8615729635485622, 0), (0, 0.7100296020507812, 1.539289951324463e-7, 1) ), ( (0.8102937432623967, -0.11797924935824133, 0.5740281214483935, 0), (0.15870982530829006, 0.9870988159896993, -0.021156456687276948, 0), (-0.5641250775430227, 0.1082465828282741, 0.8185624602373125, 0), (-1.239776611328125e-7, 0.5654913330078128, 1.430511474609375e-8, 1) ), ( (0.9269452529428819, -0.3345430117066809, 0.16984695388813614, 0), (0.282166769591944, 0.9199690755296765, 0.2721042475902597, 0), (-0.24728558086959884, -0.20430145107078798, 0.9471619530897467, 0), (0.10555545806884772, 0.12943535804748535, -2.938508984584587e-7, 1) ), ( (0.9597861406145078, 0.06991212449525386, -0.27189109305457276, 0), (-0.07035273478875759, 0.9974911165775755, 0.008139815451987803, 0), (0.2717772118300832, 0.011315766179485764, 0.9622937903697762, 0), (7.629394517039146e-8, 0.13361312866210967, 9.5367431640625e-9, 1) ), ( (0.967034267042878, 0.00000407735626051231, -0.254645106573561, 0), (-0.0000018048768307132868, 1.0000004767935973, 0.00000915776663820006, 0), (0.2546450610657009, -0.00000839626559077239, 0.9670340940888587, 0), (-1.1444091782664145e-7, 0.1168478012084961, -7.390975966359292e-8, 1) ), ( (0.9130472371387489, -0.26336511938731005, 0.3114218307110228, 0), (0.2492647172343564, 0.9646963438158276, 0.08501942947964103, 0), (-0.3228186151835243, -2.806166767843621e-7, 0.946460850585439, 0), (-1.239776611328125e-7, 0.09367427825927735, -1.0251998929788897e-7, 1) ), ( (1, 0, 0, 0), (0, 1, 1.3877787807814457e-17, 0), (0, 1.3877787807814457e-17, 1, 0), (5.684341886080802e-16, 0.0761940336227417, 0, 1) ), ( (0.9793957019409371, 0.1465077649902042, -0.13900415973374292, 0), (-0.1315797025724319, 0.9850551032032164, 0.11114506522671475, 0), (0.15320981495394764, -0.09056454389801177, 0.9840326045581178, 0), (4.529953010035115e-8, 0.2913757133483884, -0.0003617963194844265, 1) ), ( (0.9995513332820836, 0.019663254811037797, 0.02260454338093229, 0), (-0.027135052133666238, 0.9139946744175785, 0.4048198278404328, 0), (-0.012700352298427153, -0.4052514291908455, 0.9141178319572696, 0), (9.5367431640625e-9, 0.15205926895141658, 1.6927719173054357e-7, 1) ), ( (0.9999837393761908, 0.0000033689162797639893, 0.0056184782434456244, 0), (-0.000003418330035823147, 1.000000834420601, 0.000008784471288322566, 0), (-0.005618478548489462, -0.000008803527438771414, 0.9999837989469855, 0), (-3.695487976074219e-8, 0.14928717613220185, -7.513910531997681e-8, 1) ), ( (0.9999543044706292, 0.0061974047656554315, -0.007278814795737616, 0), (-0.006197131754660912, 0.9999807957909199, 0.00006006142016509622, 0), (0.007279047236787984, -0.000014950901319739232, 0.9999735072729653, 0), (-2.384185791015625e-8, 0.08051036834716825, -5.029141902923584e-8, 1) ), ( (1, -1.3877787807814457e-17, 1.734723475976807e-18, 0), (0, 1.0000000000000002, -6.938893903907228e-18, 0), (1.734723475976807e-18, 9.215718466126788e-19, 1, 0), (-7.105427357601002e-17, 0.0761939859390256, 0, 1) ), ( (-0.9863819715874272, -0.14898477928008586, 0.06963316206613536, 0), (0.16227770402959357, -0.950437762858918, 0.26520469239724603, 0), (0.026669851774449874, 0.27288615661723437, 0.9616473358460591, 0), (0.2549673461914063, -0.1564349555969244, 0.0374890160560608, 1) ), ( (0.9996108145148485, -0.027676555876760697, 0.0037278265131314783, 0), (0.027004103047219452, 0.9239193697637482, -0.38163991118538976, 0), (0.007118214169067657, 0.3815892060093814, 0.9243002877191596, 0), (2.2649765014648438e-8, 1.2699729156494142, 1.1920927533992654e-9, 1) ), ( (0.9603749570147458, -0.07634153407684996, 0.2680791966936671, 0), (-0.2104858117781519, 0.43185688999499827, 0.8770315743343405, 0), (-0.1827249126794116, -0.8987017425180339, 0.398673831378177, 0), (-3.576278757577711e-9, 1.2250347137451172, -1.7881393468144326e-8, 1) ), ( (0.9944489216977574, 0.03637648394929954, 0.09873847093663277, 0), (-0.07810958791360034, 0.8839394165899, 0.46102990094321616, 0), (-0.07050820481862088, -0.46618327585977504, 0.8818742672281119, 0), (5.401670932769775e-10, 0.41624897003173816, -3.814697272730427e-8, 1) ), ( (1.0000001192079786, 0.0000013549580612504109, 8.866192591581307e-7, 0), (-0.0000013549579081506558, 0.9999999403944323, 1.0058223921458054e-7, 0), (-8.866189643453454e-7, -1.0058344053834323e-7, 0.999999940394957, 0), (9.650830179452897e-10, 0.1622724151611328, 5.692709237337112e-9, 1) ), ( (1, 0, 1.3877787807814457e-17, 0), (5.551115123125783e-17, 1.0000000000000002, -1.0408340855860843e-17, 0), (5.204170427930421e-18, 3.469446951953614e-18, 1.0000000000000002, 0), (-3.552713678800501e-17, 0.07619421005249023, 0, 1) ), ( (-0.9876433122726188, -0.10347548620837721, -0.11778699910859206, 0), (0.09954066734357646, -0.9942758843236328, 0.03882012606841122, 0), (-0.12114126305242992, 0.026618381242674332, 0.9923846369925743, 0), (-0.25496757507324225, -0.1564344215393072, 0.03529197692871094, 1) ), ( (0.999725374857829, 0.023430071485556373, -0.0009601413542837112, 0), (-0.022998880049561382, 0.9716925670249713, -0.23510878942149105, 0), (-0.004575693617279442, 0.23506836444435253, 0.9719730974934487, 0), (1.7881393432617187e-9, 1.2695088195800779, -4.76837158203125e-9, 1) ), ( (0.9824813399091229, -0.03109516157320684, -0.18364336149244653, 0), (0.18426059821004487, 0.3064091818324381, 0.9339012040047074, 0), (0.02723094018824894, -0.9514044871522196, 0.306779218125592, 0), (1.430511474609375e-8, 1.2244101715087885, 2.384185791015625e-9, 1) ), ( (0.9995078242151113, 0.010661256347500703, -0.02956388384078057, 0), (0.005824787209093907, 0.8615598840961326, 0.5076204213821256, 0), (0.030882942501051825, -0.5075430282513136, 0.8610741562276591, 0), (1.0484363865970182e-8, 0.4173995590209961, 1.9371509552001954e-8, 1) ), ( (0.9999999999988456, -5.654874278837596e-7, 0.0000014104880858116509, 0), (5.654873164173679e-7, 0.99999988079055, 3.1199700639000794e-8, 0), (-0.000001410488103464197, -3.1198906739332566e-8, 0.9999999999990049, 0), (1.6037374788169246e-8, 0.1647316360473633, -2.9802322276673013e-10, 1) ), ( (0.9999999999999999, 5.551115123125783e-17, 1.734723475976807e-18, 0), (-5.551115123125783e-17, 0.9999999999999999, 3.469446951953614e-18, 0), (0, 3.469446951953614e-18, 1, 0), (-3.552713678800501e-17, 0.07619421005249023, 2.220446049250313e-18, 1) )]
            rel skel:animationSource = </Animated_Woman_AssetRoot/Armature/Hips/Animation>

            def SkelAnimation "Animation"
            {
                uniform token[] joints = ["Hips", "Hips/Spine", "Hips/Spine/Spine1", "Hips/Spine/Spine1/Spine2", "Hips/Spine/Spine1/Spine2/Neck", "Hips/Spine/Spine1/Spine2/Neck/Head", "Hips/Spine/Spine1/Spine2/Neck/Head/HeadTop_End", "Hips/Spine/Spine1/Spine2/Neck/Head/HeadTop_End/HeadTop_End_end", "Hips/Spine/Spine1/Spine2/LeftShoulder", "Hips/Spine/Spine1/Spine2/LeftShoulder/LeftArm", "Hips/Spine/Spine1/Spine2/LeftShoulder/LeftArm/LeftForeArm", "Hips/Spine/Spine1/Spine2/LeftShoulder/LeftArm/LeftForeArm/LeftHand", "Hips/Spine/Spine1/Spine2/LeftShoulder/LeftArm/LeftForeArm/LeftHand/LeftHandThumb1", "Hips/Spine/Spine1/Spine2/LeftShoulder/LeftArm/LeftForeArm/LeftHand/LeftHandThumb1/LeftHandThumb2", "Hips/Spine/Spine1/Spine2/LeftShoulder/LeftArm/LeftForeArm/LeftHand/LeftHandThumb1/LeftHandThumb2/LeftHandThumb3", "Hips/Spine/Spine1/Spine2/LeftShoulder/LeftArm/LeftForeArm/LeftHand/LeftHandThumb1/LeftHandThumb2/LeftHandThumb3/LeftHandThumb4", "Hips/Spine/Spine1/Spine2/LeftShoulder/LeftArm/LeftForeArm/LeftHand/LeftHandThumb1/LeftHandThumb2/LeftHandThumb3/LeftHandThumb4/LeftHandThumb4_end", "Hips/Spine/Spine1/Spine2/LeftShoulder/LeftArm/LeftForeArm/LeftHand/LeftHandIndex1", "Hips/Spine/Spine1/Spine2/LeftShoulder/LeftArm/LeftForeArm/LeftHand/LeftHandIndex1/LeftHandIndex2", "Hips/Spine/Spine1/Spine2/LeftShoulder/LeftArm/LeftForeArm/LeftHand/LeftHandIndex1/LeftHandIndex2/LeftHandIndex3", "Hips/Spine/Spine1/Spine2/LeftShoulder/LeftArm/LeftForeArm/LeftHand/LeftHandIndex1/LeftHandIndex2/LeftHandIndex3/LeftHandIndex4", "Hips/Spine/Spine1/Spine2/LeftShoulder/LeftArm/LeftForeArm/LeftHand/LeftHandIndex1/LeftHandIndex2/LeftHandIndex3/LeftHandIndex4/LeftHandIndex4_end", "Hips/Spine/Spine1/Spine2/RightShoulder", "Hips/Spine/Spine1/Spine2/RightShoulder/RightArm", "Hips/Spine/Spine1/Spine2/RightShoulder/RightArm/RightForeArm", "Hips/Spine/Spine1/Spine2/RightShoulder/RightArm/RightForeArm/RightHand", "Hips/Spine/Spine1/Spine2/RightShoulder/RightArm/RightForeArm/RightHand/RightHandThumb1", "Hips/Spine/Spine1/Spine2/RightShoulder/RightArm/RightForeArm/RightHand/RightHandThumb1/RightHandThumb2", "Hips/Spine/Spine1/Spine2/RightShoulder/RightArm/RightForeArm/RightHand/RightHandThumb1/RightHandThumb2/RightHandThumb3", "Hips/Spine/Spine1/Spine2/RightShoulder/RightArm/RightForeArm/RightHand/RightHandThumb1/RightHandThumb2/RightHandThumb3/RightHandThumb4", "Hips/Spine/Spine1/Spine2/RightShoulder/RightArm/RightForeArm/RightHand/RightHandThumb1/RightHandThumb2/RightHandThumb3/RightHandThumb4/RightHandThumb4_end", "Hips/Spine/Spine1/Spine2/RightShoulder/RightArm/RightForeArm/RightHand/RightHandIndex1", "Hips/Spine/Spine1/Spine2/RightShoulder/RightArm/RightForeArm/RightHand/RightHandIndex1/RightHandIndex2", "Hips/Spine/Spine1/Spine2/RightShoulder/RightArm/RightForeArm/RightHand/RightHandIndex1/RightHandIndex2/RightHandIndex3", "Hips/Spine/Spine1/Spine2/RightShoulder/RightArm/RightForeArm/RightHand/RightHandIndex1/RightHandIndex2/RightHandIndex3/RightHandIndex4", "Hips/Spine/Spine1/Spine2/RightShoulder/RightArm/RightForeArm/RightHand/RightHandIndex1/RightHandIndex2/RightHandIndex3/RightHandIndex4/RightHandIndex4_end", "Hips/LeftUpLeg", "Hips/LeftUpLeg/LeftLeg", "Hips/LeftUpLeg/LeftLeg/LeftFoot", "Hips/LeftUpLeg/LeftLeg/LeftFoot/LeftToeBase", "Hips/LeftUpLeg/LeftLeg/LeftFoot/LeftToeBase/LeftToe_End", "Hips/LeftUpLeg/LeftLeg/LeftFoot/LeftToeBase/LeftToe_End/LeftToe_End_end", "Hips/RightUpLeg", "Hips/RightUpLeg/RightLeg", "Hips/RightUpLeg/RightLeg/RightFoot", "Hips/RightUpLeg/RightLeg/RightFoot/RightToeBase", "Hips/RightUpLeg/RightLeg/RightFoot/RightToeBase/RightToe_End", "Hips/RightUpLeg/RightLeg/RightFoot/RightToeBase/RightToe_End/RightToe_End_end"]
                quatf[] rotations = [(0.7093729, 0.7025059, -0.016127536, -0.054913275), (0.99975896, 0.018506316, 0.0065705697, 0.009817367), (0.99959743, 0.020680845, 0.013061083, 0.014378283), (0.9995974, 0.020681743, 0.013061025, 0.014378306), (0.99982667, -0.011087155, 0.010756667, 0.0103946505), (0.9988368, 0.039476305, 0.007894345, -0.026539844), (0.996322, -0.08568828, -3.60442e-8, -1.08275685e-7), (1, 4.3368087e-19, 2.4074124e-35, -7.19978e-20), (-0.40206406, -0.5844611, -0.37461132, 0.5970059), (0.89980483, 0.35784155, 0.23320264, 0.088979006), (0.97286433, -0.010231167, -0.029457506, 0.2292652), (0.940371, -0.09446942, -0.3229592, -0.04975273), (0.9021906, 0.16541298, 0.35615408, 0.17845143), (0.98785704, 0.049805228, -0.121873885, -0.08249012), (0.98245406, 0.000024301347, -0.18650474, -0.0000029265593), (0.96608585, 0.03347371, 0.1953804, 0.16548157), (1, -1.3877788e-17, 1.92593e-33, -1.3877788e-17), (0.98936146, 0.06623285, -0.049295478, -0.119779274), (0.989653, 0.1420823, 0.009421433, -0.01763141), (0.999986, 0.000001278259, 0.005290563, -3.0268427e-7), (0.99996984, 0.000023239993, -0.0061415047, -0.004757096), (1, 7.70372e-34, -6.938894e-18, 3.469447e-18), (0.41575277, 0.57204694, -0.40005296, 0.5829833), (0.90363365, 0.42469597, -0.021399165, 0.051201686), (0.95188594, 0.07097112, 0.25333154, -0.15716022), (0.9507831, -0.034025397, -0.29926714, -0.072752886), (0.97391933, 0.12229065, -0.1070757, -0.15830635), (0.9898949, -0.00080209697, 0.13730447, 0.035424124), (0.9917244, 0.0000044251287, 0.12838505, 0.0000014828297), (0.9777787, 0.021737972, -0.1621636, -0.13107), (1, 0, 0, 0), (0.9935397, 0.05075535, 0.07352856, 0.06997387), (0.9782206, 0.20702657, -0.0090227295, 0.011960053), (0.99999607, 0.0000043970163, -0.0028092514, 0.000001696818), (0.99998856, 0.000018753295, 0.003639507, 0.0030986695), (1, -1.9651164e-18, 0, -3.469447e-18), (-0.07882224, 0.0243874, 0.13626467, 0.9872306), (0.9807944, -0.19454373, 0.0008642023, -0.013937825), (0.8352997, 0.53146815, -0.13492244, 0.04014906), (0.9695698, 0.23907855, -0.04363961, 0.02951982), (1, 5.0291423e-8, -4.4330955e-7, 6.7747897e-7), (1, -3.469447e-18, -3.903128e-18, -1.9081958e-17), (-0.050918326, -0.059922215, 0.016411962, 0.9967684), (0.9928985, -0.11838496, -0.0009103473, 0.011690279), (0.80555624, 0.58508915, 0.065444686, -0.06683439), (0.9646424, 0.26309317, 0.015665581, 0.0012534292), (1, 1.5599653e-8, -7.05244e-7, -2.827437e-7), (1, -2.888895e-34, -4.3368087e-19, 2.7755576e-17)]
                quatf[] rotations.timeSamples = {
                    0: [(0.7093729, 0.7025059, -0.016127536, -0.054913275), (0.99975896, 0.018506316, 0.0065705697, 0.009817367), (0.99959743, 0.020680845, 0.013061083, 0.014378283), (0.9995974, 0.020681743, 0.013061025, 0.014378306), (0.99982667, -0.011087155, 0.010756667, 0.0103946505), (0.9988368, 0.039476305, 0.007894345, -0.026539844), (0.996322, -0.08568828, -3.60442e-8, -1.08275685e-7), (1, 4.3368087e-19, 2.4074124e-35, -7.19978e-20), (-0.40206406, -0.5844611, -0.37461132, 0.5970059), (0.89980483, 0.35784155, 0.23320264, 0.088979006), (0.97286433, -0.010231167, -0.029457506, 0.2292652), (0.940371, -0.09446942, -0.3229592, -0.04975273), (0.9021906, 0.16541298, 0.35615408, 0.17845143), (0.98785704, 0.049805228, -0.121873885, -0.08249012), (0.98245406, 0.000024301347, -0.18650474, -0.0000029265593), (0.96608585, 0.03347371, 0.1953804, 0.16548157), (1, -1.3877788e-17, 1.92593e-33, -1.3877788e-17), (0.98936146, 0.06623285, -0.049295478, -0.119779274), (0.989653, 0.1420823, 0.009421433, -0.01763141), (0.999986, 0.000001278259, 0.005290563, -3.0268427e-7), (0.99996984, 0.000023239993, -0.0061415047, -0.004757096), (1, 7.70372e-34, -6.938894e-18, 3.469447e-18), (0.41575277, 0.57204694, -0.40005296, 0.5829833), (0.90363365, 0.42469597, -0.021399165, 0.051201686), (0.95188594, 0.07097112, 0.25333154, -0.15716022), (0.9507831, -0.034025397, -0.29926714, -0.072752886), (0.97391933, 0.12229065, -0.1070757, -0.15830635), (0.9898949, -0.00080209697, 0.13730447, 0.035424124), (0.9917244, 0.0000044251287, 0.12838505, 0.0000014828297), (0.9777787, 0.021737972, -0.1621636, -0.13107), (1, 0, 0, 0), (0.9935397, 0.05075535, 0.07352856, 0.06997387), (0.9782206, 0.20702657, -0.0090227295, 0.011960053), (0.99999607, 0.0000043970163, -0.0028092514, 0.000001696818), (0.99998856, 0.000018753295, 0.003639507, 0.0030986695), (1, -1.9651164e-18, 0, -3.469447e-18), (-0.07882224, 0.0243874, 0.13626467, 0.9872306), (0.9807944, -0.19454373, 0.0008642023, -0.013937825), (0.8352997, 0.53146815, -0.13492244, 0.04014906), (0.9695698, 0.23907855, -0.04363961, 0.02951982), (1, 5.0291423e-8, -4.4330955e-7, 6.7747897e-7), (1, -3.469447e-18, -3.903128e-18, -1.9081958e-17), (-0.050918326, -0.059922215, 0.016411962, 0.9967684), (0.9928985, -0.11838496, -0.0009103473, 0.011690279), (0.80555624, 0.58508915, 0.065444686, -0.06683439), (0.9646424, 0.26309317, 0.015665581, 0.0012534292), (1, 1.5599653e-8, -7.05244e-7, -2.827437e-7), (1, -2.888895e-34, -4.3368087e-19, 2.7755576e-17)],
